C:\ProgramData\MED Associates\Davis Rig\Parameters\Isaac\0702TG26_preference.ms8.txt
Version #, 7.24
System ID, 1
Start Date, 2023/07/02
Start Time, 11:48:44
Animal ID, TG26
Condition, 
Max Wait for first Lick is, 45
Max Retries / Presentation, 0
Max Number Presentations, 60
PRESENTATION,TUBE,CONCENTRATION,SOLUTION,  IPI  , LENGTH, LICKS, Latency, Retries, Open Error, Close Error
   1,   3,    0.01m,          paired,       10,      5,     6,   33181,      0,      0,      0
   2,   3,    0.01m,          paired,       10,      5,     1,   12601,      0,      0,      0
   3,   1,    0.01m,          paired,       10,      5,    29,   36303,      0,      0,      0
   4,   4,    0.01m,          unpaired,     10,      5,    36,    1709,      0,      0,      0
   5,   2,    0.01m,          unpaired,     10,      5,    36,    1772,      0,      0,      0
   6,   2,    0.01m,          unpaired,     10,      5,    39,   19473,      0,      0,      0
   7,   3,    0.01m,          paired,       10,      5,    39,    9765,      0,      0,      0
   8,   1,    0.01m,          paired,       10,      5,    39,    2958,      0,      0,      0
   9,   3,    0.01m,          paired,       10,      5,    41,    1804,      0,      0,      0
  10,   1,    0.01m,          paired,       10,      5,    40,    2523,      0,      0,      0
  11,   2,    0.01m,          unpaired,     10,      5,    40,    2167,      0,      0,      0
  12,   3,    0.01m,          paired,       10,      5,    41,   11598,      0,      0,      0
  13,   3,    0.01m,          paired,       10,      5,    41,    1924,      0,      0,      0
  14,   2,    0.01m,          unpaired,     10,      5,    41,     682,      0,      0,      0
  15,   4,    0.01m,          unpaired,     10,      5,    41,    7588,      0,      0,      0
  16,   2,    0.01m,          unpaired,     10,      5,    40,    1791,      0,      0,      0
  17,   4,    0.01m,          unpaired,     10,      5,    37,    4230,      0,      0,      0
  18,   1,    0.01m,          paired,       10,      5,    39,    8725,      0,      0,      0
  19,   1,    0.01m,          paired,       10,      5,    33,    1406,      0,      0,      0
  20,   3,    0.01m,          paired,       10,      5,    40,    1073,      0,      0,      0
  21,   1,    0.01m,          paired,       10,      5,    37,    4885,      0,      0,      0
  22,   4,    0.01m,          unpaired,     10,      5,    36,    6786,      0,      0,      0
  23,   2,    0.01m,          unpaired,     10,      5,    37,     692,      0,      0,      0
  24,   3,    0.01m,          paired,       10,      5,    31,     406,      0,      0,      0
  25,   2,    0.01m,          unpaired,     10,      5,    19,   12607,      0,      0,      0
  26,   4,    0.01m,          unpaired,     10,      5,     0,   45000,      0,      0,      0
  27,   1,    0.01m,          paired,       10,      5,    33,   11830,      0,      0,      0
  28,   4,    0.01m,          unpaired,     10,      5,    30,   11055,      0,      0,      0
  29,   2,    0.01m,          unpaired,     10,      5,     2,   16591,      0,      0,      0
  30,   2,    0.01m,          unpaired,     10,      5,    29,    3386,      0,      0,      0
  31,   1,    0.01m,          paired,       10,      5,     0,   45000,      0,      0,      0
  32,   2,    0.01m,          unpaired,     10,      5,     0,   45000,      0,      0,      0
  33,   1,    0.01m,          paired,       10,      5,    35,   15719,      0,      0,      0
  34,   2,    0.01m,          unpaired,     10,      5,    16,    8303,      0,      0,      0
  35,   1,    0.01m,          paired,       10,      5,     0,   45000,      0,      0,      0
  36,   3,    0.01m,          paired,       10,      5,     0,   45000,      0,      0,      0
  37,   2,    0.01m,          unpaired,     10,      5,     0,   45000,      0,      0,      0
  38,   4,    0.01m,          unpaired,     10,      5,     0,   45000,      0,      0,      0
  39,   3,    0.01m,          paired,       10,      5,     0,   45000,      0,      0,      0
  40,   2,    0.01m,          unpaired,     10,      5,    27,   21085,      0,      0,      0
  41,   4,    0.01m,          unpaired,     10,      5,     1,   12283,      0,      0,      0
  42,   4,    0.01m,          unpaired,     10,      5,     0,   45000,      0,      0,      0
  43,   4,    0.01m,          unpaired,     10,      5,     0,   45000,      0,      0,      0
  44,   3,    0.01m,          paired,       10,      5,    37,   22106,      0,      0,      0
  45,   2,    0.01m,          unpaired,     10,      5,    26,     523,      0,      0,      0
  46,   1,    0.01m,          paired,       10,      5,    35,    5964,      0,      0,      0
  47,   3,    0.01m,          paired,       10,      5,    35,   27703,      0,      0,      0
  48,   1,    0.01m,          paired,       10,      5,     0,   45000,      0,      0,      0
  49,   4,    0.01m,          unpaired,     10,      5,     2,   15366,      0,      0,      0
  50,   4,    0.01m,          unpaired,     10,      5,    24,   27618,      0,      0,      0
  51,   3,    0.01m,          paired,       10,      5,    38,   11367,      0,      0,      0
  52,   4,    0.01m,          unpaired,     10,      5,    39,   15003,      0,      0,      0
  53,   1,    0.01m,          paired,       10,      5,    38,   17231,      0,      0,      0
  54,   1,    0.01m,          paired,       10,      5,    29,    5595,      0,      0,      0
  55,   4,    0.01m,          unpaired,     10,      5,     0,   45000,      0,      0,      0
  56,   3,    0.01m,          paired,       10,      5,     0,   45000,      0,      0,      0
  57,   1,    0.01m,          paired,       10,      5,    33,   10178,      0,      0,      0
  58,   4,    0.01m,          unpaired,     10,      5,    17,   15475,      0,      0,      0
  59,   2,    0.01m,          unpaired,     10,      5,     0,   45000,      0,      0,      0
  60,   3,    0.01m,          paired,       10,      5,     0,   45000,      0,      0,      0

1,325,150,466,745,120
2
3,137,96,123,127,806,130,129,791,113,119,124,125,128,130,134,121,119,132,119,129,131,129,146,123,131,138,138,139
4,93,103,112,114,115,132,138,119,135,131,125,166,146,148,139,146,142,143,136,134,146,129,129,131,133,134,136,150,376,136,126,128,136,150,133
5,98,92,105,111,116,126,133,125,126,131,126,127,125,132,137,125,131,136,137,134,134,154,126,141,150,159,135,143,125,131,130,143,138,495,129
6,95,97,110,111,115,122,120,127,128,132,128,131,173,123,150,160,134,128,130,130,149,133,129,130,141,129,131,131,134,129,143,141,132,129,142,131,134,134
7,91,97,105,110,117,123,127,131,132,135,133,131,130,129,141,134,135,147,126,134,134,144,125,129,127,134,137,154,125,126,135,132,128,133,136,145,122,129
8,85,97,103,101,115,120,115,119,121,121,121,123,135,148,165,119,123,125,128,126,133,134,144,333,123,116,123,139,125,132,126,132,124,129,146,122,132,137
9,96,106,106,125,114,106,111,108,113,118,123,122,122,135,123,120,121,129,124,122,139,118,127,128,128,134,127,125,133,144,128,120,140,129,136,142,133,125,132,135
10,90,96,93,102,114,111,118,123,153,127,135,128,134,129,143,122,128,126,131,146,127,134,133,133,137,138,140,128,131,130,125,139,128,133,133,130,140,125,132
11,100,105,110,109,126,127,124,126,125,127,123,119,123,127,125,125,126,126,135,125,128,131,130,125,128,131,126,130,126,144,128,125,136,136,144,122,128,134,129
12,95,92,98,102,117,112,115,116,120,116,119,122,117,123,134,124,124,122,125,120,127,122,126,132,122,120,127,126,122,132,127,129,128,128,131,159,135,118,128,129
13,89,95,103,108,112,121,122,120,119,117,122,130,118,121,118,123,121,127,125,130,121,125,122,137,124,121,124,124,134,120,127,133,132,120,123,125,130,136,123,128
14,88,91,97,93,116,107,114,120,121,117,117,124,129,123,120,132,118,123,121,126,130,131,126,125,126,136,128,136,127,130,131,126,131,141,128,129,130,132,135,143
15,90,94,94,104,108,115,118,114,122,117,124,119,120,129,120,125,134,146,121,122,125,124,129,132,144,134,132,133,128,123,128,126,162,125,138,131,127,129,131,131
16,91,94,108,102,114,119,117,121,119,125,130,123,133,125,122,120,120,130,121,132,123,127,125,128,132,134,122,125,125,125,128,140,135,136,126,135,144,139,152
17,96,78,102,110,114,116,122,123,125,125,124,123,121,127,123,134,121,125,129,129,133,134,125,128,129,130,127,128,140,130,136,131,128,387,118,130
18,78,91,101,155,110,110,118,147,291,119,107,118,120,309,152,104,114,115,118,122,130,118,132,119,125,122,117,120,128,123,146,134,127,121,127,124,121,146
19,214,120,223,155,116,116,134,348,114,464,100,98,121,125,115,122,119,120,124,136,134,119,120,123,434,114,87,129,120,121,116,118
20,241,195,44,199,153,106,109,117,113,112,118,116,127,124,129,126,116,123,123,119,121,129,126,118,127,120,121,130,122,122,124,123,122,131,114,143,133,117,126
21,94,99,99,107,107,116,126,576,99,106,107,111,134,125,117,133,106,120,121,112,134,120,115,132,126,115,118,123,135,119,123,126,130,129,241,126
22,120,115,17,277,156,127,97,111,107,141,122,130,118,117,120,118,117,130,116,120,121,122,136,141,131,137,118,123,141,134,136,507,114,128,251
23,86,102,374,127,158,174,274,218,130,116,98,103,108,119,113,121,118,123,124,124,120,121,135,121,123,122,122,127,128,139,122,123,120,125,124,133
24,127,49,129,545,707,121,124,105,103,119,118,119,119,123,121,129,123,122,127,138,132,116,134,126,128,119,127,130,134,126
25,98,106,107,105,114,112,112,119,135,111,129,112,122,119,120,134,123,166
26
27,83,96,298,580,112,102,113,114,114,114,108,114,117,117,125,115,132,113,114,113,106,120,135,100,117,121,122,123,120,454,127,249
28,241,91,91,119,115,104,109,140,205,119,112,579,115,109,121,119,135,517,108,140,98,94,113,294,249,102,132,411,111
29,99
30,101,110,776,114,112,110,116,191,145,128,123,111,115,129,486,74,100,114,103,102,118,386,85,132,267,335,108,117
31
32
33,93,97,236,105,123,52,84,285,108,350,101,113,100,123,115,130,113,117,116,124,120,122,138,113,131,127,115,265,209,18,228,353,140,115
34,87,140,811,229,835,325,743,99,107,109,107,231,378,105,129
35
36
37
38
39
40,95,119,82,135,100,1958,100,110,102,113,118,119,125,115,123,122,142,149,103,120,128,123,122,123,123,122
41
42
43
44,111,121,85,122,91,130,110,121,117,362,116,113,122,121,373,117,115,125,131,125,128,147,121,122,124,131,129,142,122,127,130,134,129,126,152,115
45,191,116,423,113,111,725,577,142,101,119,110,125,637,109,122,116,120,124,126,127,134,126,126,125,132
46,96,105,145,101,126,121,113,132,128,113,153,100,129,116,126,137,118,140,312,107,116,118,127,165,114,130,129,257,308,121,93,128,116,117
47,93,104,116,431,109,123,124,136,121,134,136,133,148,127,149,111,127,128,131,127,141,117,140,123,123,128,130,129,245,129,140,127,361,125
48
49,4906
50,2410,148,110,114,109,110,112,112,113,117,102,121,115,115,112,112,140,102,109,117,119,123,124
51,97,103,98,109,119,122,141,110,128,137,112,125,122,127,128,141,141,120,127,129,124,132,127,130,130,133,138,132,118,140,432,118,117,122,123,136,126
52,84,103,110,104,132,124,184,113,126,118,129,302,127,119,124,150,126,127,127,132,134,132,134,131,146,130,136,16,104,140,141,133,156,126,128,127,135,127
53,105,117,99,125,112,124,127,101,138,112,128,123,126,127,124,126,146,124,125,131,118,130,136,126,127,123,153,120,125,131,406,114,119,136,148,121,131
54,93,103,100,313,106,123,129,125,130,396,73,281,102,124,115,254,127,127,126,128,130,132,704,354,30,112,139,244
55
56
57,97,115,115,335,109,131,111,132,132,126,128,127,128,314,510,120,117,118,123,138,115,123,136,118,170,109,128,147,138,127,127,125
58,97,110,110,379,118,122,132,141,346,134,130,117,123,125,130,139
59
60