C:\ProgramData\MED Associates\Davis Rig\Parameters\Isaac\0706TG25_post pref.ms8.txt
Version #, 7.24
System ID, 1
Start Date, 2023/07/06
Start Time, 10:46:33
Animal ID, TG25
Condition, 
Max Wait for first Lick is, 45
Max Retries / Presentation, 0
Max Number Presentations, 60
PRESENTATION,TUBE,CONCENTRATION,SOLUTION,  IPI  , LENGTH, LICKS, Latency, Retries, Open Error, Close Error
   1,   3,    0.01m,          paired,       10,      5,     0,   45000,      0,      0,      0
   2,   3,    0.01m,          paired,       10,      5,    34,   22913,      0,      0,      0
   3,   1,    0.01m,          paired,       10,      5,    37,    3991,      0,      0,      0
   4,   4,    0.01m,          unpaired,     10,      5,    36,    6380,      0,      0,      0
   5,   2,    0.01m,          unpaired,     10,      5,    33,     623,      0,      0,      0
   6,   2,    0.01m,          unpaired,     10,      5,    28,    1074,      0,      0,      0
   7,   3,    0.01m,          paired,       10,      5,     9,    1528,      0,      0,      0
   8,   1,    0.01m,          paired,       10,      5,     5,   13573,      0,      0,      0
   9,   3,    0.01m,          paired,       10,      5,    27,   16921,      0,      0,      0
  10,   1,    0.01m,          paired,       10,      5,    19,     974,      0,      0,      0
  11,   2,    0.01m,          unpaired,     10,      5,    36,    1034,      0,      0,      0
  12,   3,    0.01m,          paired,       10,      5,    25,    1052,      0,      0,      0
  13,   3,    0.01m,          paired,       10,      5,    13,    4593,      0,      0,      0
  14,   2,    0.01m,          unpaired,     10,      5,     7,   19720,      0,      0,      0
  15,   4,    0.01m,          unpaired,     10,      5,    25,    4373,      0,      0,      0
  16,   2,    0.01m,          unpaired,     10,      5,    31,    3103,      0,      0,      0
  17,   4,    0.01m,          unpaired,     10,      5,    30,    1222,      0,      0,      0
  18,   1,    0.01m,          paired,       10,      5,     6,    3897,      0,      0,      0
  19,   1,    0.01m,          paired,       10,      5,    17,    1184,      0,      0,      0
  20,   3,    0.01m,          paired,       10,      5,    29,   17356,      0,      0,      0
  21,   1,    0.01m,          paired,       10,      5,    17,   21168,      0,      0,      0
  22,   4,    0.01m,          unpaired,     10,      5,    28,    1345,      0,      0,      0
  23,   2,    0.01m,          unpaired,     10,      5,     9,    3000,      0,      0,      0
  24,   3,    0.01m,          paired,       10,      5,    13,    1216,      0,      0,      0
  25,   2,    0.01m,          unpaired,     10,      5,    17,    1029,      0,      0,      0
  26,   4,    0.01m,          unpaired,     10,      5,    35,    1766,      0,      0,      0
  27,   1,    0.01m,          paired,       10,      5,    28,    1069,      0,      0,      0
  28,   4,    0.01m,          unpaired,     10,      5,     0,   45000,      0,      0,      0
  29,   2,    0.01m,          unpaired,     10,      5,     0,   45000,      0,      0,      0
  30,   2,    0.01m,          unpaired,     10,      5,    13,    1042,      0,      0,      0
  31,   1,    0.01m,          paired,       10,      5,    16,   16046,      0,      0,      0
  32,   2,    0.01m,          unpaired,     10,      5,    21,     952,      0,      0,      0
  33,   1,    0.01m,          paired,       10,      5,    18,   10661,      0,      0,      0
  34,   2,    0.01m,          unpaired,     10,      5,     0,   45000,      0,      0,      0
  35,   1,    0.01m,          paired,       10,      5,     0,   45000,      0,      0,      0
  36,   3,    0.01m,          paired,       10,      5,    16,   35551,      0,      0,      0
  37,   2,    0.01m,          unpaired,     10,      5,     0,   45000,      0,      0,      0
  38,   4,    0.01m,          unpaired,     10,      5,     0,   45000,      0,      0,      0
  39,   3,    0.01m,          paired,       10,      5,     0,   45000,      0,      0,      0
  40,   2,    0.01m,          unpaired,     10,      5,     0,   45000,      0,      0,      0
  41,   4,    0.01m,          unpaired,     10,      5,     0,   45000,      0,      0,      0
  42,   4,    0.01m,          unpaired,     10,      5,     0,   45000,      0,      0,      0
  43,   4,    0.01m,          unpaired,     10,      5,    38,    1190,      0,      0,      0
  44,   3,    0.01m,          paired,       10,      5,     0,   45000,      0,      0,      0
  45,   2,    0.01m,          unpaired,     10,      5,     0,   45000,      0,      0,      0
  46,   1,    0.01m,          paired,       10,      5,     0,   45000,      0,      0,      0
  47,   3,    0.01m,          paired,       10,      5,     0,   45000,      0,      0,      0
  48,   1,    0.01m,          paired,       10,      5,     0,   45000,      0,      0,      0
  49,   4,    0.01m,          unpaired,     10,      5,     0,   45000,      0,      0,      0
  50,   4,    0.01m,          unpaired,     10,      5,     0,   45000,      0,      0,      0
  51,   3,    0.01m,          paired,       10,      5,    40,   29726,      0,      0,      0
  52,   4,    0.01m,          unpaired,     10,      5,    41,   33833,      0,      0,      0
  53,   1,    0.01m,          paired,       10,      5,     0,   45000,      0,      0,      0
  54,   1,    0.01m,          paired,       10,      5,    10,   10953,      0,      0,      0
  55,   4,    0.01m,          unpaired,     10,      5,     0,   45000,      0,      0,      0
  56,   3,    0.01m,          paired,       10,      5,     0,   45000,      0,      0,      0
  57,   1,    0.01m,          paired,       10,      5,     0,   45000,      0,      0,      0
  58,   4,    0.01m,          unpaired,     10,      5,     0,   45000,      0,      0,      0
  59,   2,    0.01m,          unpaired,     10,      5,     0,   45000,      0,      0,      0
  60,   3,    0.01m,          paired,       10,      5,     0,   45000,      0,      0,      0

1
2,128,136,131,132,133,130,141,134,147,147,137,141,130,135,162,187,112,141,134,159,139,156,142,195,114,154,141,148,153,141,157,150,287
3,91,120,123,120,122,131,129,137,129,135,132,130,136,138,138,144,129,142,129,145,133,166,127,144,136,141,145,175,128,149,136,151,151,159,150,171
4,168,114,106,117,118,121,122,124,125,130,134,129,143,122,141,144,167,151,188,114,155,143,139,140,143,143,167,130,155,150,147,155,147,159,128
5,136,87,106,116,121,126,130,121,131,155,134,141,151,147,130,140,891,130,119,126,126,132,128,147,159,130,153,133,136,138,135,132
6,120,126,129,125,136,131,142,157,883,623,128,135,150,138,135,141,135,140,151,140,142,150,145,162,141,136,149
7,100,108,115,118,113,118,129,126
8,93,116,121,121
9,120,120,122,121,120,122,129,130,128,126,134,132,139,150,291,111,144,136,165,264,147,153,149,146,137,160
10,121,119,114,128,125,120,123,126,129,129,139,125,130,134,124,160,112,160
11,118,125,129,139,127,132,140,134,132,144,129,151,146,140,172,177,161,143,144,162,157,160,168,104,146,134,136,138,139,130,153,142,132,153,138
12,112,123,127,124,127,130,121,130,138,140,155,137,133,135,136,139,130,137,166,139,177,137,130,131
13,115,119,126,126,293,143,126,136,121,131,144,132
14,116,126,127,139,125,149
15,80,110,112,111,111,128,123,128,122,130,142,134,134,131,131,124,128,131,142,118,141,130,126,171
16,105,123,119,129,130,128,136,125,133,138,141,143,159,149,135,161,149,139,143,155,140,149,149,165,142,135,140,155,138,160
17,93,118,127,111,123,122,123,125,126,132,123,137,128,132,129,138,309,141,131,134,127,132,150,122,143,138,145,138,127
18,120,116,239,129,136
19,115,114,128,126,128,128,136,121,117,125,124,128,133,129,118,174
20,111,110,151,89,133,121,131,124,122,126,251,134,137,133,263,140,123,139,130,144,132,132,128,147,133,139,125,148
21,125,121,120,120,124,121,127,128,127,129,132,130,128,142,129,223
22,112,110,119,111,115,119,125,119,128,127,129,144,138,102,144,123,126,123,131,142,121,139,123,145,129,132,130
23,118,123,124,132,141,144,128,131
24,109,111,113,114,119,118,131,118,123,121,134,132
25,152,125,136,130,106,138,130,135,129,125,133,135,134,127,130,132
26,119,117,118,115,116,122,123,118,121,124,121,120,131,124,123,134,122,127,118,152,114,134,125,115,135,117,138,122,150,158,119,138,131,329
27,113,115,116,118,122,113,125,121,119,133,131,137,123,153,128,142,131,121,143,130,143,112,152,154,148,102,167
28
29
30,127,119,118,124,120,124,131,113,129,134,131,127
31,122,111,131,118,128,121,131,128,133,109,136,119,136,129,135
32,123,107,119,122,125,125,139,131,125,135,135,129,129,138,130,125,133,134,124,129
33,79,113,118,114,118,122,125,115,122,125,134,107,141,123,139,122,119
34
35
36,111,111,110,111,136,122,127,120,120,121,123,123,120,122,123
37
38
39
40
41
42
43,111,121,106,112,108,113,115,114,119,113,124,125,132,124,136,169,152,132,141,143,166,124,136,124,124,121,129,137,155,126,170,126,140,117,130,268,139
44
45
46
47
48
49
50
51,118,111,111,110,109,111,116,114,121,116,126,122,117,125,134,115,127,122,124,127,147,116,137,115,134,123,135,165,162,131,123,128,129,155,121,151,128,134,131
52,104,111,107,91,117,109,107,125,112,122,118,119,128,121,123,120,125,141,118,122,124,121,128,146,110,134,121,131,128,126,159,122,150,127,129,134,135,132,134,161
53
54,117,115,112,113,113,124,120,126,148
55
56
57
58
59
60