C:\ProgramData\MED Associates\Davis Rig\Parameters\Isaac\0723TG29(posttest)s8.ms8.txt
Version #, 7.24
System ID, 1
Start Date, 2023/07/23
Start Time, 13:27:02
Animal ID, TG29
Condition, 
Max Wait for first Lick is, 45
Max Retries / Presentation, 0
Max Number Presentations, 60
PRESENTATION,TUBE,CONCENTRATION,SOLUTION,  IPI  , LENGTH, LICKS, Latency, Retries, Open Error, Close Error
   1,   3,    0.01m,          EB,     10,      5,    45,    9607,      0,      0,      0
   2,   3,    0.01m,          EB,     10,      5,    43,     483,      0,      0,      0
   3,   1,    0.01m,          eb,     10,      5,    43,     356,      0,      0,      0
   4,   4,    0.01m,          CT,     10,      5,    43,     500,      0,      0,      0
   5,   2,    0.01m,          CT,     10,      5,    42,    2759,      0,      0,      0
   6,   2,    0.01m,          CT,     10,      5,    41,     307,      0,      0,      0
   7,   3,    0.01m,          EB,     10,      5,    43,    2460,      0,      0,      0
   8,   1,    0.01m,          eb,     10,      5,    43,     496,      0,      0,      0
   9,   3,    0.01m,          EB,     10,      5,    43,     312,      0,      0,      0
  10,   1,    0.01m,          eb,     10,      5,    43,     736,      0,      0,      0
  11,   2,    0.01m,          CT,     10,      5,    43,     526,      0,      0,      0
  12,   3,    0.01m,          EB,     10,      5,    42,     306,      0,      0,      0
  13,   3,    0.01m,          EB,     10,      5,    42,    2240,      0,      0,      0
  14,   2,    0.01m,          CT,     10,      5,    43,     634,      0,      0,      0
  15,   4,    0.01m,          CT,     10,      5,    43,     416,      0,      0,      0
  16,   2,    0.01m,          CT,     10,      5,    42,     608,      0,      0,      0
  17,   4,    0.01m,          CT,     10,      5,    42,     743,      0,      0,      0
  18,   1,    0.01m,          eb,     10,      5,    41,    6907,      0,      0,      0
  19,   1,    0.01m,          eb,     10,      5,    36,    9351,      0,      0,      0
  20,   3,    0.01m,          EB,     10,      5,    40,   10471,      0,      0,      0
  21,   1,    0.01m,          eb,     10,      5,    32,    2191,      0,      0,      0
  22,   4,    0.01m,          CT,     10,      5,    31,    1935,      0,      0,      0
  23,   2,    0.01m,          CT,     10,      5,     6,   10545,      0,      0,      0
  24,   3,    0.01m,          EB,     10,      5,    29,    1367,      0,      0,      0
  25,   2,    0.01m,          CT,     10,      5,    18,     639,      0,      0,      0
  26,   4,    0.01m,          CT,     10,      5,     5,    1053,      0,      0,      0
  27,   1,    0.01m,          eb,     10,      5,    39,   19215,      0,      0,      0
  28,   4,    0.01m,          CT,     10,      5,    24,   13274,      0,      0,      0
  29,   2,    0.01m,          CT,     10,      5,    16,    2645,      0,      0,      0
  30,   2,    0.01m,          CT,     10,      5,    18,    6337,      0,      0,      0
  31,   1,    0.01m,          eb,     10,      5,    32,   15810,      0,      0,      0
  32,   2,    0.01m,          CT,     10,      5,     0,   45000,      0,      0,      0
  33,   1,    0.01m,          eb,     10,      5,    38,    2739,      0,      0,      0
  34,   2,    0.01m,          CT,     10,      5,    36,    3126,      0,      0,      0
  35,   1,    0.01m,          eb,     10,      5,     0,   45000,      0,      0,      0
  36,   3,    0.01m,          EB,     10,      5,    12,    1057,      0,      0,      0
  37,   2,    0.01m,          CT,     10,      5,     0,   45000,      0,      0,      0
  38,   4,    0.01m,          CT,     10,      5,    42,   13887,      0,      0,      0
  39,   3,    0.01m,          EB,     10,      5,    38,    1964,      0,      0,      0
  40,   2,    0.01m,          CT,     10,      5,    25,    3073,      0,      0,      0
  41,   4,    0.01m,          CT,     10,      5,     3,   23568,      0,      0,      0
  42,   4,    0.01m,          CT,     10,      5,     0,   45000,      0,      0,      0
  43,   4,    0.01m,          CT,     10,      5,    42,   18427,      0,      0,      0
  44,   3,    0.01m,          EB,     10,      5,    40,     854,      0,      0,      0
  45,   2,    0.01m,          CT,     10,      5,    32,    1191,      0,      0,      0
  46,   1,    0.01m,          eb,     10,      5,    37,    1254,      0,      0,      0
  47,   3,    0.01m,          EB,     10,      5,    25,    5177,      0,      0,      0
  48,   1,    0.01m,          eb,     10,      5,    40,   17835,      0,      0,      0
  49,   4,    0.01m,          CT,     10,      5,     1,   44574,      0,      0,      0
  50,   4,    0.01m,          CT,     10,      5,     0,   45000,      0,      0,      0
  51,   3,    0.01m,          EB,     10,      5,     0,   45000,      0,      0,      0
  52,   4,    0.01m,          CT,     10,      5,     0,   45000,      0,      0,      0
  53,   1,    0.01m,          eb,     10,      5,    38,    1008,      0,      0,      0
  54,   1,    0.01m,          eb,     10,      5,     0,   45000,      0,      0,      0
  55,   4,    0.01m,          CT,     10,      5,    37,    8504,      0,      0,      0
  56,   3,    0.01m,          EB,     10,      5,    39,    5415,      0,      0,      0
  57,   1,    0.01m,          eb,     10,      5,    16,     656,      0,      0,      0
  58,   4,    0.01m,          CT,     10,      5,    32,    5977,      0,      0,      0
  59,   2,    0.01m,          CT,     10,      5,     7,    2416,      0,      0,      0
  60,   3,    0.01m,          EB,     10,      5,     0,   45000,      0,      0,      0

1,89,90,90,96,98,103,104,106,108,106,108,106,105,109,120,105,109,109,111,114,118,132,112,120,113,115,132,109,116,113,119,122,119,142,105,124,118,120,140,114,127,122,120,127
2,94,93,99,101,105,101,109,110,113,113,115,115,120,117,113,112,117,117,122,118,118,135,120,117,126,122,139,116,121,119,121,132,115,130,126,126,137,117,127,122,124,145
3,92,85,97,105,111,105,109,107,110,110,112,119,110,115,115,116,115,114,128,122,126,121,118,124,140,114,126,124,123,121,122,134,113,120,123,122,121,123,137,118,121,122
4,93,84,99,106,109,108,109,116,112,111,115,114,114,115,126,112,117,121,119,119,121,120,138,115,118,120,123,121,123,124,140,116,121,125,130,128,132,135,120,132,129,121
5,93,92,101,98,113,109,109,108,110,111,110,112,116,120,118,121,125,113,121,131,127,121,121,135,115,120,124,125,128,133,153,115,140,130,125,126,136,125,122,123,125
6,84,97,92,98,109,113,111,117,116,116,115,115,112,116,116,120,127,116,120,118,119,123,138,118,123,127,125,132,141,150,150,134,125,136,131,143,139,139,147,133
7,92,96,99,107,112,109,108,114,114,114,114,113,114,110,115,123,117,119,117,119,118,120,124,132,114,126,119,123,120,123,123,122,133,124,125,120,125,126,122,128,146,123
8,90,91,98,93,104,107,107,109,114,106,112,114,114,119,110,113,120,118,116,129,113,119,118,123,120,120,131,119,119,118,117,141,142,117,121,122,123,135,120,123,124,126
9,87,87,93,97,104,108,103,108,107,114,117,114,112,122,123,117,118,118,119,121,124,121,132,115,118,122,126,123,125,135,120,124,135,134,126,124,133,121,127,127,127,125
10,90,89,97,105,107,107,111,112,107,111,115,114,115,123,112,117,114,115,123,130,125,120,120,126,121,131,117,127,116,122,133,120,120,124,124,127,125,136,123,127,128,129
11,89,95,98,102,104,107,105,114,113,114,115,114,130,117,116,122,122,117,120,122,119,124,124,119,121,135,117,126,125,119,117,124,135,119,121,126,128,134,121,127,124,123
12,75,90,98,101,104,106,115,112,112,119,115,112,120,119,117,119,132,124,121,129,119,120,119,122,121,135,114,126,127,125,128,129,142,124,123,124,127,125,138,124,124
13,84,97,101,104,108,112,108,112,114,116,117,116,125,117,127,139,110,119,119,127,122,121,132,123,126,123,129,132,132,140,123,120,129,133,130,133,134,126,125,125,126
14,88,95,96,102,110,110,112,105,114,114,115,111,115,124,111,118,114,117,116,120,121,126,122,120,120,121,139,113,123,120,121,128,137,118,124,121,129,123,133,117,121,123
15,87,85,92,101,106,107,109,113,115,124,123,118,117,115,113,115,115,116,133,111,119,117,119,120,134,134,128,121,125,128,135,122,121,121,125,125,135,118,120,120,123,133
16,90,88,92,102,113,111,110,112,106,123,109,115,116,115,118,119,120,128,115,116,119,120,126,122,138,119,128,133,129,124,146,115,126,123,122,158,160,128,127,126,123
17,80,89,91,105,106,108,115,119,111,110,114,116,123,117,122,127,118,124,120,121,131,117,126,124,138,120,131,140,123,124,129,130,127,130,119,124,127,128,126,126,135
18,88,86,108,107,103,108,156,104,111,114,107,111,112,114,113,114,120,357,104,108,111,124,115,119,123,194,102,119,131,119,122,123,126,120,135,121,141,117,125,123
19,94,101,105,107,582,86,381,99,101,111,112,108,116,122,119,110,109,112,111,112,113,398,103,104,115,116,119,129,109,113,112,117,120,117,134
20,95,95,104,104,111,112,113,426,100,93,111,105,124,108,108,113,112,119,121,110,119,140,105,129,111,141,119,125,112,120,332,94,115,111,117,119,116,113,138
21,92,88,93,97,107,109,114,111,113,112,135,99,116,109,117,126,109,111,116,115,119,120,114,143,106,123,112,122,233,125,130
22,86,92,91,102,108,108,110,419,99,98,104,689,101,120,129,109,121,129,487,96,116,119,336,99,115,113,123,114,364,101
23,94,95,90,108,102
24,94,98,116,117,115,123,119,114,115,1527,121,120,108,118,116,121,118,122,117,123,283,124,245,121,109,121,127,121
25,96,1100,95,98,99,118,111,124,105,132,134,94,1612,135,105,90,107
26,89,4630,83,99
27,92,94,104,110,120,119,113,119,122,105,114,120,320,111,95,123,111,144,95,121,218,118,128,251,111,108,109,106,103,113,109,125,314,112,102,113,126,107
28,101,97,107,110,222,97,876,113,112,107,241,131,1095,98,105,115,132,101,479,94,118,105,132
29,103,90,134,2352,107,101,1190,101,105,116,105,114,112,125,130
30,124,105,2821,93,103,112,127,101,130,128,124,122,119,116,123,120,133
31,95,105,103,1033,112,104,126,140,107,127,129,122,118,125,102,127,110,133,119,130,117,130,125,98,140,494,117,106,118,111,120
32
33,94,97,92,108,112,118,118,112,116,110,118,128,123,611,118,105,116,127,109,126,110,130,128,111,117,125,133,338,104,119,112,116,122,120,121,116,112
34,186,92,100,110,420,262,106,106,117,123,336,126,96,224,129,118,121,126,123,161,91,133,116,124,121,113,122,125,129,115,115,121,136,118,115
35
36,99,1735,91,97,98,132,95,380,604,100,118
37
38,97,97,99,113,121,97,120,109,118,124,115,121,116,126,114,126,119,124,131,114,114,125,121,130,124,146,108,121,115,123,128,126,127,146,109,124,123,117,125,130,127
39,97,103,113,133,92,574,111,126,87,131,93,122,115,106,120,118,118,120,120,144,110,125,128,112,126,116,121,122,111,123,170,269,113,115,122,135,127
40,111,105,131,86,1045,118,109,112,256,245,882,118,120,142,146,125,158,130,134,132,120,130,133,163
41,108,106
42
43,92,95,94,108,113,115,112,115,114,115,106,115,146,101,118,94,114,113,127,109,117,123,120,128,260,127,109,113,131,116,124,123,129,122,120,124,122,128,145,132,118
44,97,92,91,91,101,99,110,110,107,114,114,362,115,122,117,109,110,108,128,117,118,120,118,124,139,128,118,125,127,118,131,123,124,269,130,117,128,143,124
45,98,93,113,113,114,470,85,101,112,110,118,379,104,100,117,118,122,571,94,103,109,297,117,105,290,116,109,120,113,266,114
46,95,95,115,653,101,137,103,106,117,115,116,122,125,111,123,123,123,131,126,107,120,117,128,121,105,125,123,132,142,329,119,98,116,129,115,116
47,100,102,112,115,146,861,660,91,115,106,119,123,116,121,121,665,84,111,100,111,101,527,94,102
48,103,96,108,104,125,104,119,118,125,122,131,110,123,113,122,133,103,118,116,123,138,124,108,133,111,501,85,116,128,103,117,103,119,119,117,120,124,129,130
49
50
51
52
53,105,87,99,109,108,113,113,107,114,112,105,111,108,110,126,106,130,457,100,99,111,113,123,252,126,117,104,113,123,391,133,90,145,135,122,127,107
54
55,93,96,101,100,111,103,115,112,114,106,119,303,119,107,113,326,111,109,124,142,377,104,104,120,120,118,117,122,124,126,128,323,128,104,125,130
56,96,97,104,111,114,137,129,561,114,101,112,106,114,115,109,122,129,119,124,117,114,123,130,126,120,128,120,111,121,166,97,129,115,121,124,118,117,127
57,124,93,105,95,3322,99,108,101,124,114,124,139,127,131,126
58,93,99,1038,225,273,83,90,104,109,161,97,111,112,125,127,118,132,122,121,251,112,121,124,125,125,126,128,147,119,129,118
59,99,110,134,1038,96,103
60