C:\ProgramData\MED Associates\Davis Rig\Parameters\Isaac\0809TG34PREpref.ms8.txt
Version #, 7.24
System ID, 1
Start Date, 2023/08/09
Start Time, 09:50:48
Animal ID, TG34
Condition, 
Max Wait for first Lick is, 45
Max Retries / Presentation, 0
Max Number Presentations, 48
PRESENTATION,TUBE,CONCENTRATION,SOLUTION,  IPI  , LENGTH, LICKS, Latency, Retries, Open Error, Close Error
   1,   3,    0.01m,     carvone,     10,      5,    24,   24247,      0,      0,      0
   2,   2,    0.01m,         cis,     10,      5,    40,   27566,      0,      0,      0
   3,   2,    0.01m,         cis,     10,      5,    37,   13586,      0,      0,      0
   4,   3,    0.01m,     carvone,     10,      5,     9,    4614,      0,      0,      0
   5,   3,    0.01m,     carvone,     10,      5,     3,    1865,      0,      0,      0
   6,   1,    0.01m,     carvone,     10,      5,    40,    2963,      0,      0,      0
   7,   4,    0.01m,         cis,     10,      5,    41,    1639,      0,      0,      0
   8,   3,    0.01m,     carvone,     10,      5,     3,    5094,      0,      0,      0
   9,   2,    0.01m,         cis,     10,      5,    41,    4069,      0,      0,      0
  10,   4,    0.01m,         cis,     10,      5,    41,    1085,      0,      0,      0
  11,   3,    0.01m,     carvone,     10,      5,     2,    3685,      0,      0,      0
  12,   1,    0.01m,     carvone,     10,      5,    42,    1180,      0,      0,      0
  13,   1,    0.01m,     carvone,     10,      5,    41,    7044,      0,      0,      0
  14,   4,    0.01m,         cis,     10,      5,    42,     565,      0,      0,      0
  15,   4,    0.01m,         cis,     10,      5,    42,    1323,      0,      0,      0
  16,   3,    0.01m,     carvone,     10,      5,     5,    1833,      0,      0,      0
  17,   3,    0.01m,     carvone,     10,      5,     3,    2028,      0,      0,      0
  18,   2,    0.01m,         cis,     10,      5,    43,    2845,      0,      0,      0
  19,   4,    0.01m,         cis,     10,      5,    44,    3811,      0,      0,      0
  20,   2,    0.01m,         cis,     10,      5,    43,     364,      0,      0,      0
  21,   2,    0.01m,         cis,     10,      5,    43,    1879,      0,      0,      0
  22,   1,    0.01m,     carvone,     10,      5,    42,    1820,      0,      0,      0
  23,   2,    0.01m,         cis,     10,      5,    43,    2692,      0,      0,      0
  24,   1,    0.01m,     carvone,     10,      5,    40,    1718,      0,      0,      0
  25,   3,    0.01m,     carvone,     10,      5,     3,     623,      0,      0,      0
  26,   1,    0.01m,     carvone,     10,      5,    23,    3870,      0,      0,      0
  27,   4,    0.01m,         cis,     10,      5,    46,     382,      0,      0,      0
  28,   4,    0.01m,         cis,     10,      5,    44,    1553,      0,      0,      0
  29,   1,    0.01m,     carvone,     10,      5,    41,    3751,      0,      0,      0
  30,   1,    0.01m,     carvone,     10,      5,    44,     461,      0,      0,      0
  31,   3,    0.01m,     carvone,     10,      5,     9,    7999,      0,      0,      0
  32,   1,    0.01m,     carvone,     10,      5,    19,     390,      0,      0,      0
  33,   4,    0.01m,         cis,     10,      5,    45,   11665,      0,      0,      0
  34,   2,    0.01m,         cis,     10,      5,    43,     695,      0,      0,      0
  35,   1,    0.01m,     carvone,     10,      5,    14,    1273,      0,      0,      0
  36,   1,    0.01m,     carvone,     10,      5,    37,    4177,      0,      0,      0
  37,   4,    0.01m,         cis,     10,      5,    46,    2946,      0,      0,      0
  38,   2,    0.01m,         cis,     10,      5,    45,     494,      0,      0,      0
  39,   3,    0.01m,     carvone,     10,      5,     1,    1064,      0,      0,      0
  40,   1,    0.01m,     carvone,     10,      5,    41,    1032,      0,      0,      0
  41,   3,    0.01m,     carvone,     10,      5,     3,    4707,      0,      0,      0
  42,   4,    0.01m,         cis,     10,      5,    47,   14457,      0,      0,      0
  43,   2,    0.01m,         cis,     10,      5,    46,    1991,      0,      0,      0
  44,   2,    0.01m,         cis,     10,      5,    44,    1482,      0,      0,      0
  45,   3,    0.01m,     carvone,     10,      5,     1,   19001,      0,      0,      0
  46,   4,    0.01m,         cis,     10,      5,    47,    2460,      0,      0,      0
  47,   2,    0.01m,         cis,     10,      5,    45,     904,      0,      0,      0
  48,   4,    0.01m,         cis,     10,      5,    45,     856,      0,      0,      0

1,130,128,141,148,144,145,150,148,148,158,147,171,696,129,138,150,151,169,150,151,917,136,178
2,117,109,113,115,116,121,118,118,122,114,123,123,130,119,124,121,125,127,125,129,128,130,125,127,132,139,128,132,131,135,139,137,141,128,139,136,144,128,130
3,100,113,118,112,119,115,123,120,124,126,124,123,127,127,132,129,135,135,142,134,126,131,132,132,134,133,134,130,155,506,127,136,129,132,137,126
4,101,119,172,180,202,138,113,121
5,111,1258
6,99,108,116,122,123,116,117,118,120,124,122,119,123,125,122,120,119,126,128,130,138,150,159,141,146,162,135,128,126,129,126,134,130,134,135,140,127,131,131
7,100,101,109,112,113,117,120,115,117,119,118,121,122,118,119,128,122,121,124,133,128,133,141,130,122,121,125,127,125,125,139,123,144,138,133,126,128,144,124,129
8,112,644
9,100,102,109,113,122,118,119,116,115,115,117,119,123,122,121,120,121,125,127,128,126,127,127,134,119,128,126,128,124,126,130,131,134,129,130,142,131,135,129,130
10,105,104,111,116,116,111,120,117,118,120,116,119,121,118,121,118,120,121,133,114,117,122,130,123,125,126,137,153,126,121,122,122,127,123,139,122,127,126,127,128
11,98
12,105,107,119,110,109,106,110,112,114,112,115,112,124,118,114,121,121,124,121,120,122,122,123,124,126,121,122,119,124,124,141,135,140,143,134,125,127,127,130,130,135
13,103,107,115,111,115,110,123,118,108,120,123,118,117,117,119,115,120,121,121,119,125,126,131,135,128,130,133,128,128,127,128,129,124,127,126,127,138,124,122,125
14,77,95,96,106,108,112,114,116,114,117,114,116,118,126,123,122,121,124,122,121,121,129,118,117,123,123,118,122,130,121,126,122,139,119,127,120,130,125,127,128,157
15,90,101,118,113,115,119,119,120,128,123,116,127,124,124,181,107,115,121,118,133,113,118,115,121,121,125,129,122,118,120,125,125,128,122,126,138,119,120,121,127,125
16,101,107,150,163
17,142,303
18,99,95,106,107,110,112,109,112,114,112,109,113,113,115,115,113,124,113,114,114,115,123,122,125,137,128,135,124,124,123,127,122,120,123,121,140,120,123,126,122,119,118
19,95,104,103,107,111,114,109,115,111,112,107,114,114,119,129,118,121,123,116,121,118,117,116,123,115,116,115,117,115,117,129,115,122,119,123,117,120,118,129,114,118,119,124
20,88,100,99,102,110,108,110,110,114,110,111,116,115,116,114,115,116,117,128,116,112,120,119,125,126,127,122,126,120,118,117,119,125,126,136,123,120,120,128,124,123,131
21,91,100,106,108,111,108,112,112,115,118,117,118,123,120,122,118,119,125,118,118,113,112,122,117,122,125,122,133,118,122,122,122,118,119,121,119,130,122,126,125,125,127
22,97,123,139,106,102,110,107,110,116,116,117,118,124,119,122,122,122,123,122,126,129,123,122,127,126,127,131,144,124,126,128,119,124,124,121,132,128,118,118,123,127
23,95,100,102,107,109,113,114,114,115,116,113,136,117,120,118,125,110,117,116,114,118,115,117,125,120,134,114,115,113,113,115,118,129,120,121,116,120,116,116,133,116,118
24,97,98,104,111,111,111,114,117,116,118,118,124,135,143,133,128,121,115,117,119,121,118,127,133,133,134,134,141,134,123,126,121,120,123,119,127,348,104,113
25,101,4596
26,86,92,102,102,107,109,108,112,111,112,110,113,105,114,120,117,125,124,120,120,112,128
27,82,113,97,104,100,107,105,108,108,106,107,107,108,108,116,107,113,110,107,114,111,113,109,121,102,113,116,115,114,118,114,110,122,107,115,111,113,117,114,123,115,115,112,112,115
28,92,97,100,107,109,108,110,111,110,114,110,113,111,120,109,112,113,118,117,116,112,116,114,118,111,116,118,116,124,127,116,135,114,116,120,118,119,120,120,113,132,112,116
29,88,94,111,114,113,112,109,112,116,119,118,118,117,128,124,123,126,129,127,120,125,125,120,127,131,120,119,124,313,105,113,116,115,125,123,137,124,127,123,122
30,102,146,152,104,106,111,104,98,107,110,112,115,97,113,118,112,110,110,117,120,107,116,119,113,118,116,122,128,116,117,115,115,124,125,117,109,100,115,118,105,124,111,127
31,282,193,1137,1064,104,502,307,1071
32,186,86,93,101,103,110,111,105,105,114,110,113,114,128,3110,94,105,110
33,82,89,97,102,104,107,109,105,106,104,104,116,111,117,105,107,104,105,105,104,107,106,120,108,102,104,107,106,107,111,134,244,108,116,108,114,113,115,124,108,115,112,113,115
34,90,97,101,105,104,107,108,110,112,107,109,105,108,111,109,114,121,104,107,108,115,113,112,110,113,120,156,341,109,108,112,111,113,111,112,112,122,111,124,125,130,119
35,100,101,108,117,112,118,117,119,115,117,116,119,130
36,105,113,107,111,116,113,110,107,112,113,113,115,116,116,111,117,117,121,119,117,115,116,120,119,127,123,120,119,128,119,119,121,125,119,122,117
37,91,94,101,108,109,110,109,109,110,104,122,112,109,105,105,107,109,106,107,108,108,120,108,109,107,111,113,108,113,113,125,107,112,114,117,118,117,128,135,110,111,111,114,117,115
38,104,95,107,107,105,108,108,111,107,109,111,112,109,107,120,108,105,109,109,109,113,109,115,118,112,118,116,112,109,114,114,115,117,114,127,119,122,121,116,118,113,113,128,114
39
40,86,95,99,104,108,110,111,112,109,113,111,116,118,119,128,118,118,117,117,118,121,122,124,126,126,127,119,121,123,133,123,127,126,119,120,119,124,125,135,108
41,513,116
42,89,93,98,102,105,104,102,102,114,106,107,105,105,106,106,116,102,105,103,108,109,108,107,119,104,106,105,111,110,111,110,108,125,101,110,111,110,111,112,111,125,109,112,107,116,114
43,93,100,98,105,106,109,106,107,107,104,107,109,116,121,108,108,105,112,115,114,111,110,115,123,104,112,115,109,110,124,107,113,110,109,113,113,118,128,122,113,109,111,121,114,114
44,95,98,105,109,105,109,107,110,110,109,105,108,111,110,110,127,108,111,109,117,118,115,115,114,111,129,114,118,112,116,113,116,127,138,111,129,115,123,118,115,119,114,113
45
46,93,98,103,101,103,106,105,105,108,104,105,104,115,104,110,106,107,108,105,114,108,107,105,110,112,110,107,119,108,107,108,110,113,109,126,109,111,110,111,114,113,112,115,123,107,109
47,91,97,101,111,103,113,107,109,107,108,107,109,111,127,113,110,108,117,117,112,114,111,110,113,124,118,113,110,114,112,116,118,119,116,126,111,113,116,109,116,116,130,113,116
48,95,97,108,105,106,109,109,108,108,110,111,107,109,108,113,110,119,106,109,112,112,117,111,110,111,115,128,103,115,113,114,114,116,113,116,130,107,112,108,112,111,115,112,125