C:\ProgramData\MED Associates\Davis Rig\Parameters\Isaac\0706TG26_post pref.ms8.txt
Version #, 7.24
System ID, 1
Start Date, 2023/07/06
Start Time, 11:29:35
Animal ID, TG26
Condition, 
Max Wait for first Lick is, 45
Max Retries / Presentation, 0
Max Number Presentations, 60
PRESENTATION,TUBE,CONCENTRATION,SOLUTION,  IPI  , LENGTH, LICKS, Latency, Retries, Open Error, Close Error
   1,   3,    0.01m,          paired,       10,      5,    38,   15153,      0,      0,      0
   2,   3,    0.01m,          paired,       10,      5,    35,     308,      0,      0,      0
   3,   1,    0.01m,          paired,       10,      5,    37,     771,      0,      0,      0
   4,   4,    0.01m,          unpaired,     10,      5,    38,     401,      0,      0,      0
   5,   2,    0.01m,          unpaired,     10,      5,    38,    1496,      0,      0,      0
   6,   2,    0.01m,          unpaired,     10,      5,    38,    1672,      0,      0,      0
   7,   3,    0.01m,          paired,       10,      5,    37,    1417,      0,      0,      0
   8,   1,    0.01m,          paired,       10,      5,    37,    3762,      0,      0,      0
   9,   3,    0.01m,          paired,       10,      5,    39,    4970,      0,      0,      0
  10,   1,    0.01m,          paired,       10,      5,    38,     400,      0,      0,      0
  11,   2,    0.01m,          unpaired,     10,      5,    40,     921,      0,      0,      0
  12,   3,    0.01m,          paired,       10,      5,    39,    1181,      0,      0,      0
  13,   3,    0.01m,          paired,       10,      5,    36,    2408,      0,      0,      0
  14,   2,    0.01m,          unpaired,     10,      5,    39,     346,      0,      0,      0
  15,   4,    0.01m,          unpaired,     10,      5,    39,     561,      0,      0,      0
  16,   2,    0.01m,          unpaired,     10,      5,    38,     412,      0,      0,      0
  17,   4,    0.01m,          unpaired,     10,      5,    40,     422,      0,      0,      0
  18,   1,    0.01m,          paired,       10,      5,    36,    1803,      0,      0,      0
  19,   1,    0.01m,          paired,       10,      5,    37,    2362,      0,      0,      0
  20,   3,    0.01m,          paired,       10,      5,    39,   25532,      0,      0,      0
  21,   1,    0.01m,          paired,       10,      5,    33,    1175,      0,      0,      0
  22,   4,    0.01m,          unpaired,     10,      5,    21,     446,      0,      0,      0
  23,   2,    0.01m,          unpaired,     10,      5,    29,     427,      0,      0,      0
  24,   3,    0.01m,          paired,       10,      5,     3,     313,      0,      0,      0
  25,   2,    0.01m,          unpaired,     10,      5,     0,   45000,      0,      0,      0
  26,   4,    0.01m,          unpaired,     10,      5,    16,    8389,      0,      0,      0
  27,   1,    0.01m,          paired,       10,      5,    35,   19268,      0,      0,      0
  28,   4,    0.01m,          unpaired,     10,      5,     3,   23710,      0,      0,      0
  29,   2,    0.01m,          unpaired,     10,      5,     0,   45000,      0,      0,      0
  30,   2,    0.01m,          unpaired,     10,      5,     0,   45000,      0,      0,      0
  31,   1,    0.01m,          paired,       10,      5,     0,   45000,      0,      0,      0
  32,   2,    0.01m,          unpaired,     10,      5,     0,   45000,      0,      0,      0
  33,   1,    0.01m,          paired,       10,      5,     0,   45000,      0,      0,      0
  34,   2,    0.01m,          unpaired,     10,      5,     0,   45000,      0,      0,      0
  35,   1,    0.01m,          paired,       10,      5,     0,   45000,      0,      0,      0
  36,   3,    0.01m,          paired,       10,      5,     0,   45000,      0,      0,      0
  37,   2,    0.01m,          unpaired,     10,      5,     0,   45000,      0,      0,      0
  38,   4,    0.01m,          unpaired,     10,      5,    37,    9621,      0,      0,      0
  39,   3,    0.01m,          paired,       10,      5,     0,   45000,      0,      0,      0
  40,   2,    0.01m,          unpaired,     10,      5,     0,   45000,      0,      0,      0
  41,   4,    0.01m,          unpaired,     10,      5,     0,   45000,      0,      0,      0
  42,   4,    0.01m,          unpaired,     10,      5,     0,   45000,      0,      0,      0
  43,   4,    0.01m,          unpaired,     10,      5,    28,   42840,      0,      0,      0
  44,   3,    0.01m,          paired,       10,      5,     0,   45000,      0,      0,      0
  45,   2,    0.01m,          unpaired,     10,      5,     0,   45000,      0,      0,      0
  46,   1,    0.01m,          paired,       10,      5,     0,   45000,      0,      0,      0
  47,   3,    0.01m,          paired,       10,      5,     0,   45000,      0,      0,      0
  48,   1,    0.01m,          paired,       10,      5,     6,   22085,      0,      0,      0
  49,   4,    0.01m,          unpaired,     10,      5,    29,     514,      0,      0,      0
  50,   4,    0.01m,          unpaired,     10,      5,    38,     452,      0,      0,      0
  51,   3,    0.01m,          paired,       10,      5,    37,   41955,      0,      0,      0
  52,   4,    0.01m,          unpaired,     10,      5,     0,   45000,      0,      0,      0
  53,   1,    0.01m,          paired,       10,      5,    35,    6221,      0,      0,      0
  54,   1,    0.01m,          paired,       10,      5,     0,   45000,      0,      0,      0
  55,   4,    0.01m,          unpaired,     10,      5,    21,   18282,      0,      0,      0
  56,   3,    0.01m,          paired,       10,      5,     0,   45000,      0,      0,      0
  57,   1,    0.01m,          paired,       10,      5,    38,    1024,      0,      0,      0
  58,   4,    0.01m,          unpaired,     10,      5,     0,   45000,      0,      0,      0
  59,   2,    0.01m,          unpaired,     10,      5,     0,   45000,      0,      0,      0
  60,   3,    0.01m,          paired,       10,      5,     0,   45000,      0,      0,      0

1,408,73,94,94,100,104,110,111,116,114,114,117,120,121,121,114,129,126,129,133,128,128,143,131,175,125,139,139,134,136,154,132,139,145,141,151,166
2,402,88,101,112,127,132,148,165,139,124,126,139,131,131,135,144,155,126,142,136,137,141,128,143,138,153,132,134,141,138,138,159,136,138
3,77,102,108,122,129,115,132,120,129,127,136,129,139,145,137,154,130,136,143,135,155,138,158,131,144,136,156,143,158,165,137,141,149,159,158,152
4,88,106,106,126,121,130,118,125,128,120,127,139,132,121,130,139,137,136,138,148,120,138,129,136,135,141,134,142,138,165,119,151,133,143,139,137,152
5,46,71,317,120,93,112,112,117,128,127,128,128,122,133,131,127,145,126,130,135,133,134,133,135,147,128,141,140,136,140,144,139,132,136,141,151,133
6,92,106,100,126,121,129,124,129,129,133,123,130,137,130,134,138,138,133,149,138,126,137,140,140,138,145,137,153,154,132,137,138,143,138,145,142,156
7,65,82,103,107,115,126,125,134,129,139,129,131,130,129,146,136,135,134,144,133,131,147,150,138,149,164,161,156,146,145,146,154,134,130,135,138
8,75,95,108,110,114,118,116,120,123,127,124,123,128,522,113,127,121,125,130,134,137,124,135,150,133,129,131,130,139,149,134,142,134,140,144,137
9,74,91,104,118,106,126,126,125,124,124,129,126,130,126,137,125,132,130,132,131,132,147,129,141,134,139,136,143,131,135,131,137,137,142,145,135,140,136
10,100,92,106,104,122,128,129,129,253,123,127,122,126,132,138,120,133,134,134,135,159,132,137,128,144,138,135,131,151,130,136,137,139,134,140,137,150
11,77,92,102,115,115,117,123,124,124,122,121,122,116,132,132,126,125,130,126,135,123,135,135,132,134,141,140,119,140,150,121,137,139,134,144,155,157,137,138
12,101,108,112,117,123,119,126,128,127,125,124,130,133,131,143,122,129,133,132,129,129,141,127,129,129,134,135,136,140,138,152,126,142,133,139,139,151,128
13,108,200,117,125,130,120,140,325,117,119,136,129,148,126,142,144,154,135,140,138,135,158,134,133,141,134,135,138,132,165,124,139,139,152,136
14,164,92,107,119,118,119,120,121,132,123,127,127,130,127,136,134,125,148,133,138,138,122,130,137,137,135,155,129,142,134,136,138,133,137,139,147,131,134
15,91,111,105,117,113,117,124,126,126,114,127,122,130,128,131,133,134,123,138,133,132,137,145,124,134,131,135,140,126,137,138,129,128,134,136,149,129,160
16,383,76,102,107,111,118,122,130,127,131,123,132,128,125,128,144,122,129,126,132,130,136,131,141,127,137,132,139,128,139,137,146,131,133,134,129,136
17,105,102,105,117,115,113,134,122,124,129,119,132,117,129,131,120,132,143,122,129,125,126,126,133,141,120,125,128,130,135,130,141,134,132,130,130,137,144,135
18,124,147,95,120,101,127,528,114,147,135,133,126,129,127,120,133,127,133,147,124,129,130,141,137,121,133,137,137,150,134,138,141,133,137,132
19,211,403,98,104,111,104,116,113,119,124,121,122,127,127,129,125,126,127,129,133,129,132,144,118,131,130,129,132,137,132,146,125,126,132,129,136
20,109,102,119,99,125,121,121,137,114,135,121,141,112,125,127,130,131,130,123,144,141,121,134,136,131,130,129,154,126,135,131,132,155,119,151,130,131,138
21,102,106,413,118,117,132,127,140,118,326,118,135,121,430,125,133,122,124,136,140,127,137,124,132,121,137,135,138,139,154,133,127
22,88,114,110,126,136,120,143,98,112,129,137,126,347,115,121,117,133,140,596,146
23,182,70,118,121,111,130,122,127,128,132,120,136,123,122,111,136,125,122,123,128,125,509,114,122,123,125,116,1245
24,20,4896
25
26,90,118,630,185,117,275,115,117,462,125,119,134,120,575,262
27,97,110,351,116,124,125,126,129,139,117,130,121,134,124,128,128,200,193,153,331,127,146,128,139,129,127,141,121,164,119,133,136,137,130
28,80,128
29
30
31
32
33
34
35
36
37
38,97,109,187,95,113,105,116,119,137,96,128,126,114,132,114,143,119,134,117,125,139,111,115,135,120,130,130,137,124,137,148,124,137,117,136,131
39
40
41
42
43,95,1451,102,143,85,134,130,113,147,103,157,98,168,131,329,116,134,146,117,134,130,133,129,126,134,148,127
44
45
46
47
48,4314,97,316,76,125
49,128,99,124,124,1342,99,129,120,145,137,130,135,144,125,147,122,140,126,149,138,154,123,129,125,152,126,134,139
50,119,84,114,120,112,99,129,127,131,136,136,133,126,137,137,127,132,163,120,123,139,145,183,197,125,132,145,129,141,138,144,136,134,141,145,128,134
51,94,114,107,123,98,143,115,137,131,123,130,132,138,130,138,137,129,150,118,137,135,142,145,152,137,134,155,127,140,139,146,143,137,144,287,137
52
53,90,112,116,119,130,117,128,129,127,131,127,142,141,128,133,162,111,151,163,135,163,130,159,159,130,163,140,394,143,138,154,147,141,159
54
55,1067,156,105,138,376,354,628,465,120,121,121,143,133,143,136,125,125,156,137,147
56
57,96,120,107,120,133,116,125,131,127,133,134,140,140,121,154,119,137,137,138,129,130,143,155,128,140,144,139,138,143,154,143,149,140,142,143,149,147
58
59
60