C:\ProgramData\MED Associates\Davis Rig\Parameters\Isaac\0706TG27_post pref.ms8.txt
Version #, 7.24
System ID, 1
Start Date, 2023/07/06
Start Time, 12:53:02
Animal ID, TG27
Condition, 
Max Wait for first Lick is, 45
Max Retries / Presentation, 0
Max Number Presentations, 60
PRESENTATION,TUBE,CONCENTRATION,SOLUTION,  IPI  , LENGTH, LICKS, Latency, Retries, Open Error, Close Error
   1,   3,    0.01m,          paired,       10,      5,    41,    1778,      0,      0,      0
   2,   3,    0.01m,          paired,       10,      5,    37,    6455,      0,      0,      0
   3,   1,    0.01m,          paired,       10,      5,    42,    2309,      0,      0,      0
   4,   4,    0.01m,          unpaired,     10,      5,    43,    4038,      0,      0,      0
   5,   2,    0.01m,          unpaired,     10,      5,    43,    1989,      0,      0,      0
   6,   2,    0.01m,          unpaired,     10,      5,    43,    8548,      0,      0,      0
   7,   3,    0.01m,          paired,       10,      5,    41,     803,      0,      0,      0
   8,   1,    0.01m,          paired,       10,      5,    39,     657,      0,      0,      0
   9,   3,    0.01m,          paired,       10,      5,    39,     584,      0,      0,      0
  10,   1,    0.01m,          paired,       10,      5,    43,    1190,      0,      0,      0
  11,   2,    0.01m,          unpaired,     10,      5,    43,     378,      0,      0,      0
  12,   3,    0.01m,          paired,       10,      5,    19,     454,      0,      0,      0
  13,   3,    0.01m,          paired,       10,      5,    42,     630,      0,      0,      0
  14,   2,    0.01m,          unpaired,     10,      5,    38,     809,      0,      0,      0
  15,   4,    0.01m,          unpaired,     10,      5,    42,     454,      0,      0,      0
  16,   2,    0.01m,          unpaired,     10,      5,    38,     447,      0,      0,      0
  17,   4,    0.01m,          unpaired,     10,      5,    29,     619,      0,      0,      0
  18,   1,    0.01m,          paired,       10,      5,    41,     351,      0,      0,      0
  19,   1,    0.01m,          paired,       10,      5,    39,     376,      0,      0,      0
  20,   3,    0.01m,          paired,       10,      5,    38,    1097,      0,      0,      0
  21,   1,    0.01m,          paired,       10,      5,    44,   17231,      0,      0,      0
  22,   4,    0.01m,          unpaired,     10,      5,     9,    3394,      0,      0,      0
  23,   2,    0.01m,          unpaired,     10,      5,    24,     622,      0,      0,      0
  24,   3,    0.01m,          paired,       10,      5,    44,    2144,      0,      0,      0
  25,   2,    0.01m,          unpaired,     10,      5,     2,   11865,      0,      0,      0
  26,   4,    0.01m,          unpaired,     10,      5,     0,   45000,      0,      0,      0
  27,   1,    0.01m,          paired,       10,      5,    37,    6181,      0,      0,      0
  28,   4,    0.01m,          unpaired,     10,      5,     0,   45000,      0,      0,      0
  29,   2,    0.01m,          unpaired,     10,      5,     3,   38622,      0,      0,      0
  30,   2,    0.01m,          unpaired,     10,      5,     0,   45000,      0,      0,      0
  31,   1,    0.01m,          paired,       10,      5,    41,    8874,      0,      0,      0
  32,   2,    0.01m,          unpaired,     10,      5,     0,   45000,      0,      0,      0
  33,   1,    0.01m,          paired,       10,      5,    42,     582,      0,      0,      0
  34,   2,    0.01m,          unpaired,     10,      5,     0,   45000,      0,      0,      0
  35,   1,    0.01m,          paired,       10,      5,     0,   45000,      0,      0,      0
  36,   3,    0.01m,          paired,       10,      5,    42,    4764,      0,      0,      0
  37,   2,    0.01m,          unpaired,     10,      5,     0,   45000,      0,      0,      0
  38,   4,    0.01m,          unpaired,     10,      5,     0,   45000,      0,      0,      0
  39,   3,    0.01m,          paired,       10,      5,    39,    3565,      0,      0,      0
  40,   2,    0.01m,          unpaired,     10,      5,     0,   45000,      0,      0,      0
  41,   4,    0.01m,          unpaired,     10,      5,     0,   45000,      0,      0,      0
  42,   4,    0.01m,          unpaired,     10,      5,    42,   42225,      0,      0,      0
  43,   4,    0.01m,          unpaired,     10,      5,    31,   23318,      0,      0,      0
  44,   3,    0.01m,          paired,       10,      5,    42,    6690,      0,      0,      0
  45,   2,    0.01m,          unpaired,     10,      5,     0,   45000,      0,      0,      0
  46,   1,    0.01m,          paired,       10,      5,     0,   45000,      0,      0,      0
  47,   3,    0.01m,          paired,       10,      5,    43,     364,      0,      0,      0
  48,   1,    0.01m,          paired,       10,      5,    36,    1141,      0,      0,      0
  49,   4,    0.01m,          unpaired,     10,      5,     0,   45000,      0,      0,      0
  50,   4,    0.01m,          unpaired,     10,      5,     0,   45000,      0,      0,      0
  51,   3,    0.01m,          paired,       10,      5,    42,     642,      0,      0,      0
  52,   4,    0.01m,          unpaired,     10,      5,     0,   45000,      0,      0,      0
  53,   1,    0.01m,          paired,       10,      5,    42,     447,      0,      0,      0
  54,   1,    0.01m,          paired,       10,      5,    37,     373,      0,      0,      0
  55,   4,    0.01m,          unpaired,     10,      5,     7,     531,      0,      0,      0
  56,   3,    0.01m,          paired,       10,      5,    41,     307,      0,      0,      0
  57,   1,    0.01m,          paired,       10,      5,    42,    2373,      0,      0,      0
  58,   4,    0.01m,          unpaired,     10,      5,     1,     419,      0,      0,      0
  59,   2,    0.01m,          unpaired,     10,      5,     0,   45000,      0,      0,      0
  60,   3,    0.01m,          paired,       10,      5,     0,   45000,      0,      0,      0

1,109,92,103,95,115,99,115,115,129,99,111,115,113,114,119,125,119,122,121,115,135,119,140,133,147,126,141,125,136,125,138,125,133,152,121,122,133,126,133,124
2,122,101,136,225,565,151,99,119,113,113,120,118,125,133,106,127,120,120,118,124,117,128,137,108,147,108,125,116,120,124,132,119,130,134,119,137
3,113,85,104,102,102,108,109,108,113,111,119,114,120,120,124,114,133,133,118,123,116,135,115,136,122,133,120,131,122,158,112,131,121,129,124,134,123,139,128,132,132
4,183,92,84,116,93,93,109,99,101,115,103,127,107,121,113,124,112,117,124,109,121,128,113,115,120,129,140,129,118,122,115,112,135,112,118,114,122,126,123,121,122,133
5,204,103,102,98,111,107,106,121,104,99,123,109,110,111,123,115,110,123,114,112,123,107,112,116,111,140,105,118,118,129,114,130,108,111,117,133,114,143,108,121,118,124
6,78,236,90,274,25,114,85,97,101,101,117,104,103,112,113,109,104,122,107,116,116,115,125,112,122,114,127,111,111,114,146,103,123,117,121,123,117,123,124,117,123,134
7,101,95,109,91,87,106,98,110,108,103,112,111,116,121,120,130,127,118,123,123,123,124,128,136,180,319,128,144,129,138,123,130,115,138,121,121,127,115,134,115
8,269,73,219,116,101,101,95,102,104,104,114,109,107,108,104,119,108,122,113,117,125,119,120,122,131,131,130,116,132,120,133,116,133,121,135,121,124,148
9,95,189,100,114,90,124,106,109,119,103,120,122,105,124,113,118,111,113,136,117,130,116,143,121,115,119,138,113,125,119,115,124,119,120,130,125,121,125
10,111,102,108,103,100,101,113,107,107,114,115,116,110,123,106,128,104,127,107,145,113,115,127,138,114,118,118,124,126,125,120,118,119,126,126,119,132,122,151,119,131,116
11,64,161,104,95,107,100,103,106,102,98,108,114,104,107,114,107,116,108,121,115,112,132,114,121,234,111,112,114,138,103,112,113,117,118,121,116,118,118,122,130,126,147
12,80,233,114,87,713,987,136,111,863,519,111,305,110,117,110,115,117,144
13,102,230,103,91,114,95,112,97,114,93,124,99,114,100,117,110,111,109,117,112,107,121,110,118,113,120,112,140,114,115,117,122,123,127,129,132,125,333,111,111,120
14,120,85,398,282,91,107,101,103,104,106,113,103,107,113,122,109,110,112,105,113,114,108,111,112,108,107,112,130,105,114,108,121,115,111,321,226,201
15,272,108,90,106,101,100,116,95,106,98,109,102,115,110,114,114,107,114,108,114,114,116,114,124,131,97,121,112,123,119,118,113,128,115,114,115,113,154,324,117,16
16,280,89,98,92,112,101,231,102,106,107,104,112,107,115,103,112,115,104,117,101,140,99,116,239,122,268,224,329,106,102,103,105,104,141,106,104,107
17,158,66,116,437,90,104,88,96,106,103,104,103,111,106,108,100,122,565,558,99,455,81,455,118,98,105,108,116
18,126,286,210,98,101,93,106,114,91,112,90,119,105,108,110,108,122,100,122,105,126,106,125,109,116,116,124,113,151,103,134,109,134,123,279,126,108,118,123,121
19,180,254,102,91,105,105,93,118,97,110,100,149,96,111,135,344,127,108,119,121,118,124,112,122,145,121,132,116,131,117,125,113,124,120,122,129,122,128
20,111,246,100,386,307,18,452,113,99,99,97,94,107,96,102,100,113,104,118,109,115,101,120,111,125,104,122,112,124,133,111,116,113,118,119,116,123
21,50,279,114,103,109,99,97,109,97,118,93,116,107,116,108,114,114,116,113,106,126,106,145,100,115,109,125,107,117,113,121,108,121,121,112,148,105,120,114,118,122,121,122
22,77,145,113,444,707,35,359,116
23,57,40,25,304,106,608,102,101,89,112,127,355,109,111,108,141,105,111,106,111,108,107,106
24,92,105,90,113,90,128,188,111,98,120,97,118,97,124,105,97,129,94,117,109,123,113,111,116,117,118,119,121,113,150,103,132,103,125,113,125,109,128,113,117,118,122,140
25,209
26
27,87,197,322,109,116,94,100,100,128,94,646,119,113,107,124,113,118,127,127,107,109,119,114,120,112,143,110,123,105,134,105,130,113,126,109,127
28
29,344,700
30
31,99,109,100,127,88,333,125,100,120,115,99,134,98,134,150,105,128,108,103,122,123,122,114,123,114,119,117,132,124,119,112,141,107,117,122,118,125,116,158,105
32
33,170,311,194,103,95,100,104,101,97,106,102,105,115,108,102,122,101,139,104,117,104,110,110,116,118,112,119,126,116,118,133,109,120,124,118,123,121,122,108,122,122
34
35
36,96,95,109,95,338,104,125,113,122,103,112,109,118,113,116,114,120,122,124,110,120,112,118,122,113,133,129,106,116,119,117,117,120,115,135,117,124,117,123,131,120
37
38
39,109,257,103,119,107,121,95,364,105,111,108,117,119,109,128,109,118,110,123,111,122,135,110,121,127,114,112,122,121,115,117,120,121,115,124,107,126,133
40
41
42,110,84,96,104,101,121,128,159,379,121,96,113,99,112,110,112,115,101,125,110,114,129,116,111,138,111,108,113,118,116,112,118,122,152,105,113,118,123,115,123,115
43,94,101,109,93,197,129,91,124,98,112,115,97,121,97,122,100,137,119,126,126,1449,132,135,108,140,111,148,109,121,124
44,111,108,120,114,100,117,97,127,90,128,100,122,114,111,125,111,117,121,121,113,107,139,110,108,123,115,136,124,116,138,110,132,120,131,125,130,127,122,124,128,168
45
46
47,322,94,78,104,91,98,108,103,110,101,136,103,111,110,115,111,115,102,106,121,99,125,108,114,118,123,119,116,116,122,133,113,129,114,134,117,125,122,113,129,110,144
48,111,104,116,114,121,115,100,135,106,118,124,115,120,116,117,895,111,105,114,112,147,107,130,115,139,118,116,124,120,121,116,124,128,123,121
49
50
51,380,98,93,105,112,100,104,98,99,102,105,107,108,116,117,117,110,121,110,113,119,121,108,122,110,131,136,133,114,116,125,139,123,112,131,117,116,117,123,114,146
52
53,278,236,92,103,103,102,102,100,107,102,105,105,111,107,110,110,114,117,111,115,105,114,130,109,117,114,124,109,117,110,113,118,118,118,123,116,123,146,110,122,119
54,295,254,106,105,108,125,108,94,109,104,113,108,526,103,107,115,108,115,119,109,117,110,115,113,114,121,112,146,118,131,112,142,124,125,119,134
55,313,137,492,111,94,101
56,195,329,110,107,105,113,90,124,97,110,103,116,111,120,108,118,114,118,114,122,111,125,111,121,120,129,117,137,100,119,118,115,118,128,116,122,109,125,120,122
57,101,114,104,120,115,122,106,117,115,119,117,122,119,120,118,121,123,127,142,118,113,120,126,123,127,110,129,121,124,123,119,120,123,118,126,150,123,120,121,132,128
58
59
60