C:\ProgramData\MED Associates\Davis Rig\Parameters\Isaac\TG36_37Tests\1003TG37postpref.ms8.txt
Version #, 7.24
System ID, 1
Start Date, 2023/10/03
Start Time, 09:34:04
Animal ID, TG37
Condition, 
Max Wait for first Lick is, 50
Max Retries / Presentation, 0
Max Number Presentations, 60
PRESENTATION,TUBE,CONCENTRATION,SOLUTION,  IPI  , LENGTH, LICKS, Latency, Retries, Open Error, Close Error
   1,   1,    0.01m,      carh20,     10,      5,     7,   31022,      0,      0,      0
   2,   4,    0.01m,      cish20,     10,      5,    40,    8127,      0,      0,      0
   3,   3,    0.01m,      carh20,     10,      5,    40,     891,      0,      0,      0
   4,   3,    0.01m,      carh20,     10,      5,    39,     891,      0,      0,      0
   5,   2,    0.01m,      cish20,     10,      5,    34,    1268,      0,      0,      0
   6,   1,    0.01m,      carh20,     10,      5,     2,    1454,      0,      0,      0
   7,   4,    0.01m,      cish20,     10,      5,    38,     755,      0,      0,      0
   8,   1,    0.01m,      carh20,     10,      5,     2,    5649,      0,      0,      0
   9,   2,    0.01m,      cish20,     10,      5,    41,    5989,      0,      0,      0
  10,   2,    0.01m,      cish20,     10,      5,    38,    1514,      0,      0,      0
  11,   4,    0.01m,      cish20,     10,      5,    40,     493,      0,      0,      0
  12,   2,    0.01m,      cish20,     10,      5,    40,     389,      0,      0,      0
  13,   3,    0.01m,      carh20,     10,      5,    41,    2319,      0,      0,      0
  14,   2,    0.01m,      cish20,     10,      5,    40,     501,      0,      0,      0
  15,   1,    0.01m,      carh20,     10,      5,     9,    2550,      0,      0,      0
  16,   1,    0.01m,      carh20,     10,      5,     6,     559,      0,      0,      0
  17,   3,    0.01m,      carh20,     10,      5,    41,     709,      0,      0,      0
  18,   2,    0.01m,      cish20,     10,      5,    40,    1637,      0,      0,      0
  19,   4,    0.01m,      cish20,     10,      5,    40,    2022,      0,      0,      0
  20,   4,    0.01m,      cish20,     10,      5,    40,    7523,      0,      0,      0
  21,   4,    0.01m,      cish20,     10,      5,    36,    3634,      0,      0,      0
  22,   3,    0.01m,      carh20,     10,      5,    40,    3295,      0,      0,      0
  23,   1,    0.01m,      carh20,     10,      5,     4,     768,      0,      0,      0
  24,   1,    0.01m,      carh20,     10,      5,     7,    2201,      0,      0,      0
  25,   4,    0.01m,      cish20,     10,      5,    41,   12222,      0,      0,      0
  26,   1,    0.01m,      carh20,     10,      5,     2,     479,      0,      0,      0
  27,   4,    0.01m,      cish20,     10,      5,    40,    5374,      0,      0,      0
  28,   4,    0.01m,      cish20,     10,      5,    40,     624,      0,      0,      0
  29,   4,    0.01m,      cish20,     10,      5,    39,    2420,      0,      0,      0
  30,   2,    0.01m,      cish20,     10,      5,    40,    3947,      0,      0,      0
  31,   2,    0.01m,      cish20,     10,      5,    37,    2195,      0,      0,      0
  32,   3,    0.01m,      carh20,     10,      5,    41,   16680,      0,      0,      0
  33,   1,    0.01m,      carh20,     10,      5,     1,     837,      0,      0,      0
  34,   3,    0.01m,      carh20,     10,      5,    42,    7235,      0,      0,      0
  35,   4,    0.01m,      cish20,     10,      5,    37,   10061,      0,      0,      0
  36,   3,    0.01m,      carh20,     10,      5,    39,    1618,      0,      0,      0
  37,   1,    0.01m,      carh20,     10,      5,     2,    3115,      0,      0,      0
  38,   3,    0.01m,      carh20,     10,      5,    40,    1111,      0,      0,      0
  39,   1,    0.01m,      carh20,     10,      5,     1,    6452,      0,      0,      0
  40,   3,    0.01m,      carh20,     10,      5,    41,    2307,      0,      0,      0
  41,   4,    0.01m,      cish20,     10,      5,    40,     636,      0,      0,      0
  42,   3,    0.01m,      carh20,     10,      5,    38,     607,      0,      0,      0
  43,   2,    0.01m,      cish20,     10,      5,    38,     520,      0,      0,      0
  44,   1,    0.01m,      carh20,     10,      5,     2,    1574,      0,      0,      0
  45,   1,    0.01m,      carh20,     10,      5,     3,    1046,      0,      0,      0
  46,   4,    0.01m,      cish20,     10,      5,    39,    1345,      0,      0,      0
  47,   1,    0.01m,      carh20,     10,      5,     1,    6911,      0,      0,      0
  48,   4,    0.01m,      cish20,     10,      5,    34,     645,      0,      0,      0
  49,   3,    0.01m,      carh20,     10,      5,    40,    4603,      0,      0,      0
  50,   2,    0.01m,      cish20,     10,      5,    33,     516,      0,      0,      0
  51,   1,    0.01m,      carh20,     10,      5,     0,   50000,      0,      0,      0
  52,   2,    0.01m,      cish20,     10,      5,    10,    3415,      0,      0,      0
  53,   4,    0.01m,      cish20,     10,      5,    38,     973,      0,      0,      0
  54,   2,    0.01m,      cish20,     10,      5,    30,   24461,      0,      0,      0
  55,   3,    0.01m,      carh20,     10,      5,     0,   50000,      0,      0,      0
  56,   2,    0.01m,      cish20,     10,      5,     0,   50000,      0,      0,      0
  57,   2,    0.01m,      cish20,     10,      5,    37,   23401,      0,      0,      0
  58,   3,    0.01m,      carh20,     10,      5,     0,   50000,      0,      0,      0
  59,   3,    0.01m,      carh20,     10,      5,    40,    2889,      0,      0,      0
  60,   2,    0.01m,      cish20,     10,      5,     0,   50000,      0,      0,      0

1,107,110,118,2473,94,112
2,109,95,114,113,119,121,116,122,123,118,120,130,127,130,121,129,132,128,128,130,132,125,126,127,141,135,123,131,127,135,134,124,127,140,137,142,127,127,129
3,110,110,112,122,115,113,125,113,127,129,126,124,126,129,125,132,126,129,133,124,125,127,128,131,146,138,134,131,126,132,135,136,146,128,132,130,124,128,133
4,72,104,113,114,122,120,122,123,122,121,126,123,130,131,141,130,134,133,130,127,130,130,132,138,142,132,134,136,152,136,134,131,138,136,137,139,140,144
5,109,106,108,110,120,119,124,122,122,126,125,126,130,130,128,129,128,127,138,129,125,130,133,132,132,146,394,128,128,138,633,124,131
6,94
7,87,106,107,116,116,120,122,121,127,125,125,124,348,135,134,137,133,133,133,134,133,129,125,131,128,127,133,136,122,127,130,128,125,129,142,122,126
8,103
9,103,125,99,118,115,120,125,124,125,125,121,126,122,122,122,126,126,135,125,111,124,126,120,120,130,124,124,122,122,125,136,124,128,126,128,130,124,131,140,128
10,103,118,96,116,119,123,121,121,121,120,121,132,129,133,129,124,123,123,129,127,119,125,126,129,129,134,459,125,121,128,122,124,129,129,125,134,128
11,92,106,100,112,111,116,118,119,120,123,124,125,123,125,121,126,128,131,132,134,129,133,131,131,127,136,138,130,131,129,127,131,135,132,131,136,137,132,131
12,101,100,100,109,115,116,122,126,127,129,128,122,125,131,123,133,131,125,124,124,126,125,128,135,122,121,122,129,135,131,130,131,132,140,128,131,128,134,130
13,70,96,115,128,120,124,123,118,116,120,126,126,120,127,125,124,124,123,124,128,129,125,123,123,123,139,131,127,130,127,131,143,129,133,128,126,133,147,138,132
14,96,104,103,110,120,117,118,127,130,125,125,127,127,125,139,134,129,135,129,133,132,125,130,130,130,130,140,125,127,135,131,131,135,136,141,122,130,133,130
15,106,98,112,179,113,126,252,570
16,118,193,288,113,123
17,100,95,104,109,109,114,115,118,116,124,123,119,127,131,119,123,128,127,129,125,141,117,125,124,136,122,126,131,131,128,125,136,128,126,131,136,130,134,139,142
18,104,108,110,109,114,123,117,120,128,122,116,125,129,121,125,134,121,122,122,123,129,121,124,133,125,122,126,123,131,129,142,135,131,132,131,129,133,133,152
19,103,104,98,112,115,115,122,124,124,122,121,128,123,125,127,129,135,129,129,134,126,123,127,134,127,125,138,131,129,136,139,118,126,143,131,128,129,133,132
20,105,94,111,116,116,121,119,123,124,121,128,129,129,127,127,123,123,126,135,133,128,133,128,127,133,142,133,129,128,128,130,130,131,131,140,132,125,123,135
21,105,98,119,123,122,130,139,132,133,126,130,136,127,131,133,133,130,134,576,122,119,121,131,130,132,138,137,131,137,138,136,141,137,145,139
22,104,103,108,111,116,116,116,112,119,139,128,129,133,129,133,129,125,137,134,121,126,131,132,128,130,135,130,129,129,127,124,130,133,140,126,131,131,133,129
23,102,108,248
24,122,115,117,2800,125,1209
25,107,103,104,109,117,116,116,120,116,119,119,124,120,122,125,117,117,120,124,125,130,119,121,123,124,126,124,125,123,133,132,129,128,126,124,129,138,129,128,128
26,375
27,101,107,110,119,122,124,123,126,123,126,123,123,129,121,133,130,129,129,126,128,126,122,127,122,129,131,138,129,126,130,129,128,132,143,140,138,131,132,124
28,101,97,112,119,118,118,122,120,124,121,126,121,126,127,138,125,130,128,130,126,128,141,130,126,133,132,124,125,126,140,131,132,132,129,133,143,136,137,132
29,105,102,113,118,119,121,128,128,127,126,126,126,133,126,127,130,129,132,138,130,132,132,129,130,128,130,136,135,141,134,132,131,133,123,131,134,135,135
30,110,96,99,115,116,116,126,122,126,129,129,122,124,126,127,130,139,132,127,128,126,127,128,127,130,131,134,145,127,132,132,131,130,132,131,137,130,139,130
31,107,102,114,117,120,123,121,127,127,131,134,132,131,128,134,133,128,139,133,126,131,132,133,149,134,130,129,385,129,145,133,132,142,136,132,132
32,104,99,109,110,114,108,117,121,116,119,122,122,121,126,126,121,130,135,129,125,128,126,129,131,129,130,135,130,131,133,125,129,125,124,131,143,130,131,129,136
33
34,104,101,107,108,113,116,116,117,119,117,114,122,119,119,120,122,122,129,122,127,127,124,128,122,121,122,132,126,127,133,125,122,129,133,120,129,127,129,123,129,123
35,106,108,109,120,120,138,128,127,130,127,128,124,127,127,128,133,130,134,127,126,150,460,122,114,127,126,130,134,130,129,134,151,145,139,138,136
36,112,115,115,120,122,119,120,125,129,129,126,133,185,126,128,135,131,131,131,134,131,133,130,133,124,127,139,133,126,127,130,131,135,136,137,145,140,134
37,137
38,105,104,103,107,115,115,116,121,119,127,124,126,127,136,128,125,128,130,129,130,125,137,126,129,127,128,134,133,128,129,147,134,127,132,130,130,132,131,142
39
40,105,108,114,112,118,119,119,119,116,122,121,126,120,131,126,121,121,122,125,126,133,125,122,123,126,123,129,171,128,128,129,128,131,129,126,137,129,127,128,129
41,107,101,114,117,126,129,125,127,127,127,122,129,127,133,125,125,130,135,126,124,131,133,132,130,137,137,134,134,131,131,129,126,131,128,132,137,137,133,136
42,106,109,110,121,116,120,120,119,121,122,118,124,128,135,134,138,286,123,124,130,126,130,130,131,136,132,134,133,131,137,138,141,142,135,133,133,140
43,112,109,120,122,129,134,128,127,130,134,133,133,135,140,133,131,133,147,132,134,145,139,145,121,131,134,136,143,134,147,136,134,132,133,141,137,133
44,114
45,1595,288
46,106,106,111,119,119,120,123,124,122,128,126,123,126,127,125,132,127,129,133,135,132,144,134,142,133,131,128,127,129,130,138,140,139,134,137,138,136,137
47
48,100,113,127,177,124,135,130,127,127,134,135,132,129,134,128,133,133,139,132,130,136,141,137,134,141,138,146,713,109,121,128,127,127
49,98,106,123,117,122,119,128,121,120,124,129,126,130,125,135,120,121,130,123,129,131,132,146,133,127,128,132,138,133,128,136,147,138,128,130,128,131,139,137
50,111,107,110,133,285,97,133,122,131,131,135,133,132,713,113,146,135,144,138,125,130,132,135,129,138,131,133,134,137,136,142,136
51
52,112,109,123,128,512,131,139,243,204
53,114,111,129,132,112,121,131,131,136,138,136,137,141,132,134,139,111,149,134,139,139,143,128,130,126,127,131,137,136,139,140,135,139,129,125,136,128
54,118,129,127,142,273,132,147,161,151,114,145,128,148,125,137,142,130,148,141,134,719,120,138,142,144,459,101,135,136
55
56
57,118,114,117,125,125,240,120,139,131,139,128,128,143,132,136,129,132,138,135,136,138,138,129,132,133,141,134,132,137,135,136,132,134,143,133,149
58
59,105,113,115,117,118,121,120,121,123,130,123,128,120,120,133,125,129,126,131,126,130,128,127,137,119,124,126,129,129,133,131,145,125,128,133,132,129,128,131
60