C:\ProgramData\MED Associates\Davis Rig\Parameters\Isaac\0702TG27_preference.ms8.txt
Version #, 7.24
System ID, 1
Start Date, 2023/07/02
Start Time, 12:29:02
Animal ID, TG27
Condition, 
Max Wait for first Lick is, 45
Max Retries / Presentation, 0
Max Number Presentations, 60
PRESENTATION,TUBE,CONCENTRATION,SOLUTION,  IPI  , LENGTH, LICKS, Latency, Retries, Open Error, Close Error
   1,   3,    0.01m,          paired,       10,      5,     0,   45000,      0,      0,      0
   2,   3,    0.01m,          paired,       10,      5,     0,   45000,      0,      0,      0
   3,   1,    0.01m,          paired,       10,      5,    17,   26204,      0,      0,      0
   4,   4,    0.01m,          unpaired,     10,      5,     8,   34719,      0,      0,      0
   5,   2,    0.01m,          unpaired,     10,      5,     0,   45000,      0,      0,      0
   6,   2,    0.01m,          unpaired,     10,      5,     0,   45000,      0,      0,      0
   7,   3,    0.01m,          paired,       10,      5,     0,   45000,      0,      0,      0
   8,   1,    0.01m,          paired,       10,      5,    26,   29165,      0,      0,      0
   9,   3,    0.01m,          paired,       10,      5,    37,    2016,      0,      0,      0
  10,   1,    0.01m,          paired,       10,      5,    39,    3616,      0,      0,      0
  11,   2,    0.01m,          unpaired,     10,      5,    21,    2142,      0,      0,      0
  12,   3,    0.01m,          paired,       10,      5,    37,    3888,      0,      0,      0
  13,   3,    0.01m,          paired,       10,      5,    40,    5655,      0,      0,      0
  14,   2,    0.01m,          unpaired,     10,      5,    16,    1376,      0,      0,      0
  15,   4,    0.01m,          unpaired,     10,      5,     9,   15285,      0,      0,      0
  16,   2,    0.01m,          unpaired,     10,      5,    19,   26829,      0,      0,      0
  17,   4,    0.01m,          unpaired,     10,      5,     0,   45000,      0,      0,      0
  18,   1,    0.01m,          paired,       10,      5,    40,   42522,      0,      0,      0
  19,   1,    0.01m,          paired,       10,      5,    42,    3609,      0,      0,      0
  20,   3,    0.01m,          paired,       10,      5,    40,    1212,      0,      0,      0
  21,   1,    0.01m,          paired,       10,      5,    42,    6005,      0,      0,      0
  22,   4,    0.01m,          unpaired,     10,      5,    14,    4035,      0,      0,      0
  23,   2,    0.01m,          unpaired,     10,      5,    13,   10551,      0,      0,      0
  24,   3,    0.01m,          paired,       10,      5,    43,   12129,      0,      0,      0
  25,   2,    0.01m,          unpaired,     10,      5,     7,    8206,      0,      0,      0
  26,   4,    0.01m,          unpaired,     10,      5,    15,    1468,      0,      0,      0
  27,   1,    0.01m,          paired,       10,      5,    43,   18661,      0,      0,      0
  28,   4,    0.01m,          unpaired,     10,      5,    11,    2503,      0,      0,      0
  29,   2,    0.01m,          unpaired,     10,      5,     3,    2924,      0,      0,      0
  30,   2,    0.01m,          unpaired,     10,      5,    18,   11560,      0,      0,      0
  31,   1,    0.01m,          paired,       10,      5,    40,    2139,      0,      0,      0
  32,   2,    0.01m,          unpaired,     10,      5,     5,    9649,      0,      0,      0
  33,   1,    0.01m,          paired,       10,      5,    42,    1135,      0,      0,      0
  34,   2,    0.01m,          unpaired,     10,      5,     2,    3382,      0,      0,      0
  35,   1,    0.01m,          paired,       10,      5,    43,   13071,      0,      0,      0
  36,   3,    0.01m,          paired,       10,      5,    43,   29875,      0,      0,      0
  37,   2,    0.01m,          unpaired,     10,      5,     1,   43791,      0,      0,      0
  38,   4,    0.01m,          unpaired,     10,      5,     8,   40146,      0,      0,      0
  39,   3,    0.01m,          paired,       10,      5,    43,   31655,      0,      0,      0
  40,   2,    0.01m,          unpaired,     10,      5,     2,   21889,      0,      0,      0
  41,   4,    0.01m,          unpaired,     10,      5,     0,   45000,      0,      0,      0
  42,   4,    0.01m,          unpaired,     10,      5,     0,   45000,      0,      0,      0
  43,   4,    0.01m,          unpaired,     10,      5,     1,   11651,      0,      0,      0
  44,   3,    0.01m,          paired,       10,      5,    43,   15642,      0,      0,      0
  45,   2,    0.01m,          unpaired,     10,      5,     1,   18267,      0,      0,      0
  46,   1,    0.01m,          paired,       10,      5,    43,    7693,      0,      0,      0
  47,   3,    0.01m,          paired,       10,      5,    42,   18297,      0,      0,      0
  48,   1,    0.01m,          paired,       10,      5,    41,    1683,      0,      0,      0
  49,   4,    0.01m,          unpaired,     10,      5,     0,   45000,      0,      0,      0
  50,   4,    0.01m,          unpaired,     10,      5,     0,   45000,      0,      0,      0
  51,   3,    0.01m,          paired,       10,      5,     0,   45000,      0,      0,      0
  52,   4,    0.01m,          unpaired,     10,      5,     0,   45000,      0,      0,      0
  53,   1,    0.01m,          paired,       10,      5,    32,    1854,      0,      0,      0
  54,   1,    0.01m,          paired,       10,      5,    40,     746,      0,      0,      0
  55,   4,    0.01m,          unpaired,     10,      5,     0,   45000,      0,      0,      0
  56,   3,    0.01m,          paired,       10,      5,     0,   45000,      0,      0,      0
  57,   1,    0.01m,          paired,       10,      5,    41,   16612,      0,      0,      0
  58,   4,    0.01m,          unpaired,     10,      5,     0,   45000,      0,      0,      0
  59,   2,    0.01m,          unpaired,     10,      5,     0,   45000,      0,      0,      0
  60,   3,    0.01m,          paired,       10,      5,     4,   15054,      0,      0,      0

1
2
3,153,94,337,355,137,199,161,85,134,121,122,120,229,114,324,1592
4,249,196,95,243,208,120,228
5
6
7
8,1177,124,158,116,87,349,109,114,237,128,108,116,249,134,112,134,282,133,110,373,125,118,126,124,156
9,121,106,121,150,101,151,153,115,155,110,157,115,162,107,157,124,160,133,144,148,244,104,140,126,130,129,137,114,170,108,146,127,133,141,126,134
10,105,109,120,124,133,92,134,109,146,115,121,132,132,143,123,148,147,157,119,141,122,136,131,172,111,132,127,130,140,131,129,130,128,129,142,127,135,121
11,118,106,121,134,80,135,108,131,92,241,132,105,114,110,123,110,134,117,135,230
12,579,106,99,110,118,82,128,100,116,123,117,120,123,110,125,110,129,123,119,126,119,123,139,120,148,125,138,126,160,114,139,122,142,135,124,129
13,106,105,112,126,97,120,125,101,127,120,119,124,119,122,124,128,115,137,118,135,116,163,141,136,114,129,136,117,161,116,132,133,127,121,130,158,118,153,125
14,138,743,107,109,106,116,113,125,119,120,113,128,120,104,125
15,258,170,468,96,104,97,104,115
16,175,815,102,224,197,208,1659,107,181,121,102,105,114,120,96,130,101,140
17
18,98,97,124,91,108,100,104,86,109,92,115,96,116,100,126,85,112,204,273,202,106,111,112,115,116,133,123,127,108,150,333,116,114,125,110,123,122,131,125
19,101,98,113,111,97,118,109,120,110,114,93,125,123,146,108,115,135,118,139,118,110,129,117,123,118,134,115,121,135,125,128,129,160,136,115,137,119,133,122,135,123
20,106,110,121,115,101,113,106,112,94,118,115,112,124,119,124,119,277,149,110,118,121,137,144,128,123,136,133,121,128,125,129,118,127,116,129,150,107,132,124
21,109,99,120,95,115,116,112,98,112,108,120,119,118,119,131,110,129,113,122,127,122,129,124,165,101,126,113,135,117,112,126,112,136,114,121,125,126,126,164,109,126
22,81,142,219,123,105,92,110,106,106,115,114,117,100
23,126,166,662,554,563,491,1025,290,245,20,40,487
24,103,107,101,106,103,105,106,117,100,108,107,110,126,109,106,121,117,109,117,113,119,123,120,116,121,145,119,113,124,125,114,132,142,120,121,128,115,135,147,116,112,121
25,75,141,358,3156,300,315
26,101,90,103,92,100,79,88,89,107,95,102,109,101,101
27,106,103,118,97,102,106,115,105,111,101,116,94,121,103,124,97,130,118,125,119,127,113,125,116,129,123,123,135,134,127,113,125,133,112,125,125,126,116,135,125,132,151
28,102,100,93,109,93,119,104,378,99,103
29,159,1295
30,100,195,108,103,91,121,95,104,122,112,91,127,90,132,95,116,214
31,99,91,115,94,96,95,111,117,102,116,96,113,107,99,131,97,128,108,123,122,155,119,119,138,132,122,111,136,112,134,131,562,115,106,111,130,107,130,124
32,207,211,124,103
33,99,95,104,120,104,107,107,118,107,112,118,124,115,137,102,128,110,122,120,123,143,107,125,144,142,115,125,126,124,121,114,120,124,121,120,132,117,123,129,160,109
34,361
35,103,100,117,91,109,114,118,94,116,97,118,99,119,106,121,110,121,118,120,115,118,124,126,146,114,110,112,127,114,118,116,124,127,116,112,129,148,108,133,119,114,127
36,97,99,111,97,103,101,117,95,117,110,106,122,98,118,114,118,123,118,124,113,121,122,121,111,128,120,126,143,120,119,106,115,120,125,122,118,138,121,116,129,120,125
37
38,117,119,128,123,108,108,222
39,105,98,107,109,85,111,101,112,104,107,117,123,113,121,115,119,114,121,118,130,126,119,120,122,126,121,118,126,129,112,128,126,121,139,151,117,116,128,122,124,124,122
40,214
41
42
43
44,103,98,113,100,106,104,106,102,100,101,116,105,123,111,125,127,115,115,116,129,115,117,120,144,119,115,121,123,137,117,125,125,116,126,129,134,125,126,122,133,134,149
45
46,110,82,102,114,117,82,116,109,113,106,107,110,122,122,120,129,109,118,116,124,127,120,123,123,127,121,137,122,125,129,122,131,121,138,116,116,120,133,129,131,127,122
47,101,102,109,101,110,93,116,117,94,123,107,131,121,152,109,136,119,130,117,109,121,131,111,122,122,132,130,116,146,134,137,116,115,124,124,134,130,119,139,130,125
48,105,104,121,119,120,115,114,128,103,126,107,135,104,121,131,116,128,132,129,111,131,136,117,128,130,124,115,130,125,129,167,110,143,131,108,138,118,127,124,129
49
50
51
52
53,103,87,110,112,100,327,93,87,111,112,106,118,1175,208,116,118,112,108,126,123,108,123,115,122,119,136,141,125,123,162,122
54,100,95,113,116,93,109,112,117,100,113,113,131,100,118,119,122,122,130,120,122,126,125,114,163,123,113,119,127,123,125,124,133,109,132,124,112,130,156,128
55
56
57,114,94,115,122,90,113,121,117,109,115,117,113,116,123,115,127,124,122,128,130,118,122,119,115,139,120,123,133,137,138,127,119,134,122,135,131,121,125,158,130
58
59
60,110,117,122