C:\ProgramData\MED Associates\Davis Rig\Parameters\Isaac\0809TG33PREpref.ms8.txt
Version #, 7.24
System ID, 1
Start Date, 2023/08/09
Start Time, 09:31:48
Animal ID, TG33
Condition, 
Max Wait for first Lick is, 45
Max Retries / Presentation, 0
Max Number Presentations, 48
PRESENTATION,TUBE,CONCENTRATION,SOLUTION,  IPI  , LENGTH, LICKS, Latency, Retries, Open Error, Close Error
   1,   3,    0.01m,           paired,     10,      5,    27,    2194,      0,      0,      0
   2,   2,    0.01m,         unpaired,     10,      5,    31,   22591,      0,      0,      0
   3,   2,    0.01m,         unpaired,     10,      5,    41,    1791,      0,      0,      0
   4,   3,    0.01m,           paired,     10,      5,    26,    1343,      0,      0,      0
   5,   3,    0.01m,           paired,     10,      5,     2,     718,      0,      0,      0
   6,   1,    0.01m,           paired,     10,      5,    42,    1975,      0,      0,      0
   7,   4,    0.01m,         unpaired,     10,      5,    18,     895,      0,      0,      0
   8,   3,    0.01m,           paired,     10,      5,     2,    1712,      0,      0,      0
   9,   2,    0.01m,         unpaired,     10,      5,    43,    1148,      0,      0,      0
  10,   4,    0.01m,         unpaired,     10,      5,     1,     523,      0,      0,      0
  11,   3,    0.01m,           paired,     10,      5,     3,    3690,      0,      0,      0
  12,   1,    0.01m,           paired,     10,      5,    21,     558,      0,      0,      0
  13,   1,    0.01m,           paired,     10,      5,    43,     749,      0,      0,      0
  14,   4,    0.01m,         unpaired,     10,      5,    10,    1048,      0,      0,      0
  15,   4,    0.01m,         unpaired,     10,      5,    11,    1209,      0,      0,      0
  16,   3,    0.01m,           paired,     10,      5,     9,    3397,      0,      0,      0
  17,   3,    0.01m,           paired,     10,      5,     7,    5747,      0,      0,      0
  18,   2,    0.01m,         unpaired,     10,      5,    44,    6466,      0,      0,      0
  19,   4,    0.01m,         unpaired,     10,      5,     2,    4014,      0,      0,      0
  20,   2,    0.01m,         unpaired,     10,      5,    42,    1137,      0,      0,      0
  21,   2,    0.01m,         unpaired,     10,      5,    44,    3107,      0,      0,      0
  22,   1,    0.01m,           paired,     10,      5,    43,    1222,      0,      0,      0
  23,   2,    0.01m,         unpaired,     10,      5,    44,    1911,      0,      0,      0
  24,   1,    0.01m,           paired,     10,      5,    33,     793,      0,      0,      0
  25,   3,    0.01m,           paired,     10,      5,     4,     387,      0,      0,      0
  26,   1,    0.01m,           paired,     10,      5,    37,     541,      0,      0,      0
  27,   4,    0.01m,         unpaired,     10,      5,     3,    1651,      0,      0,      0
  28,   4,    0.01m,         unpaired,     10,      5,     8,     473,      0,      0,      0
  29,   1,    0.01m,           paired,     10,      5,    44,    3829,      0,      0,      0
  30,   1,    0.01m,           paired,     10,      5,    43,     628,      0,      0,      0
  31,   3,    0.01m,           paired,     10,      5,    24,    2782,      0,      0,      0
  32,   1,    0.01m,           paired,     10,      5,    44,     509,      0,      0,      0
  33,   4,    0.01m,         unpaired,     10,      5,     7,    2088,      0,      0,      0
  34,   2,    0.01m,         unpaired,     10,      5,    45,    1532,      0,      0,      0
  35,   1,    0.01m,           paired,     10,      5,    43,     548,      0,      0,      0
  36,   1,    0.01m,           paired,     10,      5,    43,     647,      0,      0,      0
  37,   4,    0.01m,         unpaired,     10,      5,     4,     448,      0,      0,      0
  38,   2,    0.01m,         unpaired,     10,      5,    38,     894,      0,      0,      0
  39,   3,    0.01m,           paired,     10,      5,    11,     859,      0,      0,      0
  40,   1,    0.01m,           paired,     10,      5,    44,     963,      0,      0,      0
  41,   3,    0.01m,           paired,     10,      5,     1,     828,      0,      0,      0
  42,   4,    0.01m,         unpaired,     10,      5,     6,    3239,      0,      0,      0
  43,   2,    0.01m,         unpaired,     10,      5,    46,     845,      0,      0,      0
  44,   2,    0.01m,         unpaired,     10,      5,    45,     786,      0,      0,      0
  45,   3,    0.01m,           paired,     10,      5,     3,    1333,      0,      0,      0
  46,   4,    0.01m,         unpaired,     10,      5,    45,     699,      0,      0,      0
  47,   2,    0.01m,         unpaired,     10,      5,    45,     552,      0,      0,      0
  48,   4,    0.01m,         unpaired,     10,      5,    44,     847,      0,      0,      0

1,113,135,118,179,117,125,159,112,128,117,131,125,131,137,134,1162,104,112,117,121,133,130,135,130,173,116
2,114,100,116,118,112,765,105,122,123,108,588,118,117,126,119,128,126,221,113,118,142,119,129,245,106,115,132,147,128,118
3,100,103,112,117,116,120,122,120,118,118,126,119,120,118,125,122,124,125,130,128,122,123,121,130,127,134,125,121,122,121,124,126,131,125,140,122,121,124,130,127
4,88,108,118,121,126,128,132,128,163,462,115,114,119,124,129,123,169,430,122,127,128,132,548,67,126
5,4062
6,99,99,104,106,111,115,117,118,120,118,119,116,118,120,117,119,116,117,118,118,124,121,119,123,121,118,130,121,119,125,123,126,127,129,127,123,127,125,136,121,122
7,98,103,127,1161,101,116,125,123,125,260,558,118,121,680,218,121,111
8,2175
9,92,96,101,103,110,111,114,110,116,115,112,116,117,115,118,116,114,118,117,127,121,114,123,120,125,133,123,114,125,116,138,118,117,131,130,128,127,123,135,126,113,124
10
11,104,141
12,108,166,122,426,124,2123,137,130,334,105,110,105,112,112,115,116,109,116,121,116
13,91,99,109,108,106,107,110,115,112,115,111,123,115,116,121,123,123,124,121,130,120,134,132,122,113,122,127,121,118,128,121,115,117,121,123,119,139,114,128,124,121,111
14,115,103,114,111,130,423,132,562,111
15,104,126,152,116,107,115,150,462,108,123
16,100,163,104,126,756,100,113,123
17,110,2505,104,462,129,247
18,91,98,111,103,106,107,109,112,115,111,112,110,114,110,111,112,113,118,114,131,114,111,119,117,121,114,119,118,118,117,121,130,123,115,114,114,121,122,127,123,116,125,121
19,136
20,93,104,107,110,112,113,110,115,115,116,128,110,113,113,118,118,117,118,120,136,122,120,118,122,137,118,116,121,123,139,124,122,123,123,123,126,122,145,121,132,135
21,88,94,93,102,108,111,114,113,114,115,114,113,115,112,115,115,117,120,121,123,123,122,125,126,118,118,118,113,120,117,121,118,118,119,134,125,117,118,118,123,119,121,118
22,92,104,118,101,107,112,111,110,120,117,118,115,120,118,122,116,126,119,122,120,118,130,122,118,117,124,122,122,118,120,124,126,118,126,136,126,110,125,124,119,124,124
23,88,96,99,105,111,110,108,113,115,113,118,117,113,112,114,116,118,117,124,114,112,119,120,117,113,113,113,138,113,112,122,116,115,122,134,120,123,123,121,124,138,108,116
24,91,98,105,103,108,111,110,110,118,113,116,112,115,121,114,121,121,120,103,138,114,113,127,112,110,108,108,654,119,118,105,128
25,981,1271,114
26,101,111,106,97,110,1028,89,100,111,115,112,116,119,113,115,117,125,111,95,103,115,108,111,121,119,120,112,124,121,112,125,119,116,124,121,121
27,104,189
28,113,165,137,110,1422,102,126
29,95,96,99,107,112,112,109,110,116,115,109,113,111,109,115,119,115,115,114,119,118,127,119,115,114,123,117,112,124,113,113,122,123,115,109,124,124,120,117,118,120,121,111
30,95,105,113,101,108,107,114,111,116,111,118,124,122,119,117,116,115,121,114,119,114,112,122,112,115,119,117,124,121,117,119,126,125,137,115,120,121,119,103,121,130,118
31,108,134,339,113,139,156,118,123,903,121,488,103,116,128,121,526,119,134,120,129,462,108,107
32,88,90,102,102,109,108,112,106,115,117,110,119,112,115,117,117,123,115,117,121,119,113,113,115,119,113,122,129,118,113,124,119,119,119,112,122,122,127,121,113,131,115,115
33,108,120,145,2419,126,110
34,88,98,97,103,104,105,107,108,110,108,108,113,111,112,114,110,112,111,125,111,113,111,110,116,111,116,115,126,112,110,110,115,116,122,112,115,117,129,110,116,116,130,114,114
35,92,95,102,107,112,112,115,115,112,111,119,110,121,115,123,115,112,117,110,126,126,117,118,119,123,117,119,120,113,119,121,119,125,121,119,120,133,114,125,113,131,122
36,94,102,109,104,112,114,112,110,120,111,123,121,116,126,121,114,116,116,122,115,118,130,121,115,106,122,119,120,119,119,116,127,120,125,121,121,117,127,119,121,119,121
37,95,314,127
38,89,89,100,103,104,107,108,108,110,109,109,109,110,110,111,112,109,112,122,112,111,111,112,111,112,112,126,108,113,113,110,115,117,120,130,118,120
39,113,159,125,821,111,834,110,112,331,2130
40,100,93,101,107,112,109,115,113,116,112,113,115,119,112,113,119,115,116,121,114,113,118,119,122,118,124,116,119,123,115,127,122,123,115,117,122,114,116,112,137,115,118,114
41
42,128,141,2144,1578,99
43,85,106,97,103,103,104,106,106,105,108,103,107,109,107,110,110,124,104,105,106,109,115,116,109,109,121,108,110,111,113,121,114,113,121,112,107,112,113,116,125,111,112,114,120,133
44,92,93,100,102,107,107,111,108,111,109,113,116,114,112,115,116,117,115,111,121,113,110,113,112,117,115,111,117,109,121,126,116,118,118,120,120,113,119,131,115,111,118,115,120
45,4856,116
46,85,93,106,107,107,104,108,109,110,110,111,109,106,113,122,109,106,113,112,111,110,124,108,109,112,112,116,128,108,107,110,114,129,114,110,113,133,116,110,112,113,116,117,134
47,83,97,101,103,106,107,111,109,115,115,116,115,110,117,113,119,104,107,115,115,114,112,116,112,128,121,116,116,117,118,111,134,111,114,112,116,114,118,132,117,112,113,124,118
48,95,103,101,108,108,109,111,111,111,114,115,111,116,117,127,112,110,114,114,117,114,115,126,114,109,116,119,115,114,131,115,111,116,117,118,134,114,111,115,123,138,113,112