C:\ProgramData\MED Associates\Davis Rig\Parameters\Isaac\0809TG35PREpref.ms8.txt
Version #, 7.24
System ID, 1
Start Date, 2023/08/09
Start Time, 10:12:47
Animal ID, TG35
Condition, 
Max Wait for first Lick is, 45
Max Retries / Presentation, 0
Max Number Presentations, 48
PRESENTATION,TUBE,CONCENTRATION,SOLUTION,  IPI  , LENGTH, LICKS, Latency, Retries, Open Error, Close Error
   1,   3,    0.01m,           paired,     10,      5,     3,    5880,      0,      0,      0
   2,   2,    0.01m,         unpaired,     10,      5,    40,    3839,      0,      0,      0
   3,   2,    0.01m,         unpaired,     10,      5,    37,    9085,      0,      0,      0
   4,   3,    0.01m,           paired,     10,      5,     8,    2649,      0,      0,      0
   5,   3,    0.01m,           paired,     10,      5,     1,    6263,      0,      0,      0
   6,   1,    0.01m,           paired,     10,      5,    34,    6948,      0,      0,      0
   7,   4,    0.01m,         unpaired,     10,      5,    41,     833,      0,      0,      0
   8,   3,    0.01m,           paired,     10,      5,     4,   42959,      0,      0,      0
   9,   2,    0.01m,         unpaired,     10,      5,    40,    2461,      0,      0,      0
  10,   4,    0.01m,         unpaired,     10,      5,    42,     532,      0,      0,      0
  11,   3,    0.01m,           paired,     10,      5,     0,   45000,      0,      0,      0
  12,   1,    0.01m,           paired,     10,      5,     0,   45000,      0,      0,      0
  13,   1,    0.01m,           paired,     10,      5,    39,    3411,      0,      0,      0
  14,   4,    0.01m,         unpaired,     10,      5,    42,   16518,      0,      0,      0
  15,   4,    0.01m,         unpaired,     10,      5,    43,     488,      0,      0,      0
  16,   3,    0.01m,           paired,     10,      5,     0,   45000,      0,      0,      0
  17,   3,    0.01m,           paired,     10,      5,     4,   26056,      0,      0,      0
  18,   2,    0.01m,         unpaired,     10,      5,    46,    2531,      0,      0,      0
  19,   4,    0.01m,         unpaired,     10,      5,    44,     607,      0,      0,      0
  20,   2,    0.01m,         unpaired,     10,      5,    43,     676,      0,      0,      0
  21,   2,    0.01m,         unpaired,     10,      5,    44,     650,      0,      0,      0
  22,   1,    0.01m,           paired,     10,      5,    39,    4207,      0,      0,      0
  23,   2,    0.01m,         unpaired,     10,      5,    44,     542,      0,      0,      0
  24,   1,    0.01m,           paired,     10,      5,    33,     747,      0,      0,      0
  25,   3,    0.01m,           paired,     10,      5,     1,   16394,      0,      0,      0
  26,   1,    0.01m,           paired,     10,      5,    41,    4777,      0,      0,      0
  27,   4,    0.01m,         unpaired,     10,      5,    46,    3065,      0,      0,      0
  28,   4,    0.01m,         unpaired,     10,      5,    44,     497,      0,      0,      0
  29,   1,    0.01m,           paired,     10,      5,    41,     600,      0,      0,      0
  30,   1,    0.01m,           paired,     10,      5,    39,    2648,      0,      0,      0
  31,   3,    0.01m,           paired,     10,      5,     0,   45000,      0,      0,      0
  32,   1,    0.01m,           paired,     10,      5,    42,    2446,      0,      0,      0
  33,   4,    0.01m,         unpaired,     10,      5,    46,     703,      0,      0,      0
  34,   2,    0.01m,         unpaired,     10,      5,    44,    3102,      0,      0,      0
  35,   1,    0.01m,           paired,     10,      5,    41,     718,      0,      0,      0
  36,   1,    0.01m,           paired,     10,      5,    40,     693,      0,      0,      0
  37,   4,    0.01m,         unpaired,     10,      5,    45,    2712,      0,      0,      0
  38,   2,    0.01m,         unpaired,     10,      5,    44,     556,      0,      0,      0
  39,   3,    0.01m,           paired,     10,      5,     0,   45000,      0,      0,      0
  40,   1,    0.01m,           paired,     10,      5,    42,    1784,      0,      0,      0
  41,   3,    0.01m,           paired,     10,      5,     0,   45000,      0,      0,      0
  42,   4,    0.01m,         unpaired,     10,      5,    47,    3711,      0,      0,      0
  43,   2,    0.01m,         unpaired,     10,      5,    44,     578,      0,      0,      0
  44,   2,    0.01m,         unpaired,     10,      5,    37,    5303,      0,      0,      0
  45,   3,    0.01m,           paired,     10,      5,     0,   45000,      0,      0,      0
  46,   4,    0.01m,         unpaired,     10,      5,    46,    5680,      0,      0,      0
  47,   2,    0.01m,         unpaired,     10,      5,    42,     571,      0,      0,      0
  48,   4,    0.01m,         unpaired,     10,      5,    43,     763,      0,      0,      0

1,666,137
2,99,105,122,125,111,114,115,126,113,126,128,119,118,127,128,128,126,125,128,129,130,107,125,125,128,124,145,129,123,130,139,138,130,130,132,145,137,141,136
3,107,117,166,114,124,129,139,120,136,139,122,139,133,130,136,140,127,133,147,153,132,132,139,140,145,144,141,142,143,138,161,150,142,138,143,133
4,217,106,514,257,119,1203,160
5
6,111,129,104,118,123,124,121,129,125,135,131,138,134,129,135,131,137,134,143,135,140,144,140,141,136,146,323,213,433,121,128,142,121
7,98,101,110,116,120,123,124,130,119,122,118,128,126,124,118,120,130,124,132,127,122,124,122,136,124,134,131,124,123,122,130,121,132,127,146,123,125,124,123,124
8,1558,110,118
9,102,102,116,120,118,115,116,120,114,116,121,123,123,129,129,132,139,135,126,129,124,126,126,124,127,128,126,131,142,120,133,131,131,129,128,133,133,142,137
10,107,98,108,119,114,114,115,119,120,118,128,113,116,116,113,117,138,119,116,117,119,120,128,117,119,120,118,149,117,140,127,122,121,122,125,126,141,128,129,128,129
11
12
13,236,116,108,117,120,116,121,115,124,122,126,128,125,121,154,140,132,126,120,128,122,124,134,135,123,126,129,128,132,133,138,135,130,142,127,126,137,131
14,104,96,107,109,114,108,114,112,113,114,118,109,120,190,123,117,119,155,117,133,119,116,115,119,119,137,115,119,113,120,122,119,118,126,110,119,120,121,118,121,130
15,96,97,101,111,109,113,114,108,109,109,109,111,116,117,114,123,120,115,115,120,121,125,125,121,121,122,138,119,117,115,120,120,127,121,127,126,122,116,118,127,125,141
16
17,111,159,1012
18,93,95,101,110,107,106,105,109,104,107,106,105,107,106,107,105,106,107,121,106,106,106,111,111,109,113,112,112,111,123,112,109,110,115,112,114,117,114,115,117,132,114,114,115,113
19,95,93,107,111,109,113,115,109,108,107,105,110,110,112,121,120,114,114,128,113,115,112,116,112,111,112,113,116,122,120,123,111,113,132,119,118,115,116,119,119,117,132,119
20,95,96,105,108,111,111,113,115,116,113,115,115,122,122,114,117,117,116,115,126,119,115,118,124,118,121,117,117,120,141,117,120,121,120,119,130,129,126,128,137,129,134
21,96,94,105,117,114,110,116,116,115,113,115,111,117,124,128,116,116,116,113,112,115,120,115,112,113,127,115,116,113,111,114,114,131,104,116,116,112,113,118,114,132,121,121
22,105,136,312,98,106,115,110,116,120,121,128,128,128,124,126,129,130,131,127,124,121,122,133,128,132,125,130,129,127,121,130,134,133,138,137,128,130,127
23,97,102,100,112,109,110,118,110,114,118,116,106,114,114,110,112,122,112,122,118,112,115,116,109,113,119,119,127,113,124,118,117,116,109,121,133,112,113,120,111,117,121,119
24,109,95,105,111,111,113,117,123,118,123,129,120,129,127,132,123,124,127,123,133,134,127,137,126,126,135,123,122,111,109,125,1207
25
26,117,120,113,108,275,112,108,112,118,121,119,112,122,126,122,127,123,125,128,119,126,124,118,104,128,106,130,121,105,127,117,129,129,117,131,131,124,140,132,131
27,96,92,106,112,107,109,107,108,115,106,109,108,107,107,110,105,118,105,114,113,109,104,109,109,105,127,108,120,111,111,105,115,112,125,106,112,106,113,121,114,105,109,113,113,129
28,99,97,108,109,111,115,112,113,113,114,113,114,112,113,116,113,108,108,119,111,113,110,110,110,110,111,113,115,128,114,117,114,116,118,122,125,135,119,116,117,122,125,121
29,94,107,103,115,120,112,107,108,120,117,124,125,127,125,125,120,119,117,130,133,123,122,132,128,119,132,129,131,126,132,135,130,141,128,124,128,135,135,136,140
30,105,135,239,111,117,113,116,122,124,130,125,122,126,129,124,123,131,132,127,132,126,118,126,130,128,127,117,130,131,126,140,121,127,137,131,121,138,134
31
32,101,102,113,113,114,114,112,117,117,121,122,118,124,121,117,121,117,119,120,114,117,127,126,121,121,119,122,122,124,128,124,119,131,126,123,125,128,136,126,121,123
33,102,96,103,104,108,106,105,107,108,110,104,106,109,107,107,118,98,105,106,107,109,106,103,119,102,115,109,110,107,110,108,128,105,109,106,109,111,117,115,115,115,127,109,115,114
34,98,104,103,113,113,113,113,114,113,107,112,113,112,113,114,109,119,111,118,126,112,112,113,117,111,113,111,122,117,111,113,114,113,116,130,113,115,114,115,119,116,127,125
35,94,96,100,107,117,111,115,119,121,121,125,129,125,121,114,123,119,133,132,126,129,131,120,136,136,132,133,130,131,131,132,133,133,133,135,127,132,137,136,136
36,98,99,108,118,109,118,117,122,117,119,126,132,124,128,129,128,134,121,122,128,132,126,127,127,133,134,127,129,130,137,138,134,127,138,145,127,129,119,118
37,98,98,104,110,120,116,111,111,117,107,112,111,109,122,126,114,107,105,111,111,108,118,103,107,109,107,111,113,124,106,109,108,112,111,124,115,111,124,110,113,115,116,111,119
38,96,100,106,110,111,122,118,119,119,112,111,114,114,107,110,118,117,108,113,110,114,130,114,114,107,112,110,112,116,119,127,117,118,116,121,119,123,122,131,142,120,124,123
39
40,100,103,130,117,110,109,116,119,115,121,120,118,117,110,117,124,120,121,117,121,127,120,118,117,126,126,121,119,119,122,128,126,119,127,125,123,127,123,129,130,114
41
42,95,96,106,107,107,110,104,104,109,101,104,102,104,101,105,103,115,104,107,108,105,109,107,106,107,111,124,107,107,105,112,109,109,108,122,104,109,109,110,108,111,114,128,110,113,106
43,97,103,102,112,115,116,117,116,117,118,114,107,111,112,109,111,125,111,115,111,112,115,118,113,109,114,116,127,120,112,118,113,115,114,115,121,114,135,113,122,119,117,126
44,102,99,111,121,110,113,118,115,114,116,107,112,114,116,119,125,117,122,115,119,124,123,119,123,115,132,116,114,119,123,116,113,118,132,113,753
45
46,101,101,107,113,111,107,110,111,108,105,105,108,106,107,106,104,102,104,119,104,108,108,106,110,109,107,108,109,109,122,104,111,111,110,109,112,113,126,109,113,112,113,113,116,108
47,100,110,108,117,122,117,132,121,125,120,120,125,124,130,118,126,122,117,131,115,128,126,115,119,122,111,121,130,123,124,108,111,110,121,119,115,115,133,126,123,132
48,97,110,109,117,120,117,120,113,121,121,117,113,115,113,109,128,111,122,117,111,112,107,119,116,133,116,117,113,118,120,125,117,118,118,113,132,106,112,114,108,120,120