C:\ProgramData\MED Associates\Davis Rig\Parameters\Isaac\TG36_37Tests\1003TG36postpref.ms8.txt
Version #, 7.24
System ID, 1
Start Date, 2023/10/03
Start Time, 10:01:20
Animal ID, TG36
Condition, 
Max Wait for first Lick is, 50
Max Retries / Presentation, 0
Max Number Presentations, 60
PRESENTATION,TUBE,CONCENTRATION,SOLUTION,  IPI  , LENGTH, LICKS, Latency, Retries, Open Error, Close Error
   1,   1,    0.01m,      P,     10,      5,     3,    3932,      0,      0,      0
   2,   4,    0.01m,      u,     10,      5,    41,   14855,      0,      0,      0
   3,   3,    0.01m,      P,     10,      5,    39,    1228,      0,      0,      0
   4,   3,    0.01m,      P,     10,      5,    20,    1436,      0,      0,      0
   5,   2,    0.01m,      u,     10,      5,    37,     684,      0,      0,      0
   6,   1,    0.01m,      P,     10,      5,     5,    1302,      0,      0,      0
   7,   4,    0.01m,      u,     10,      5,    41,     487,      0,      0,      0
   8,   1,    0.01m,      P,     10,      5,     6,     693,      0,      0,      0
   9,   2,    0.01m,      u,     10,      5,    37,     562,      0,      0,      0
  10,   2,    0.01m,      u,     10,      5,    41,     567,      0,      0,      0
  11,   4,    0.01m,      u,     10,      5,    40,     639,      0,      0,      0
  12,   2,    0.01m,      u,     10,      5,    36,    2197,      0,      0,      0
  13,   3,    0.01m,      P,     10,      5,    37,     686,      0,      0,      0
  14,   2,    0.01m,      u,     10,      5,    39,     434,      0,      0,      0
  15,   1,    0.01m,      P,     10,      5,     2,     558,      0,      0,      0
  16,   1,    0.01m,      P,     10,      5,     3,     360,      0,      0,      0
  17,   3,    0.01m,      P,     10,      5,    43,    2196,      0,      0,      0
  18,   2,    0.01m,      u,     10,      5,    37,     569,      0,      0,      0
  19,   4,    0.01m,      u,     10,      5,    40,     382,      0,      0,      0
  20,   4,    0.01m,      u,     10,      5,    41,     851,      0,      0,      0
  21,   4,    0.01m,      u,     10,      5,    39,     602,      0,      0,      0
  22,   3,    0.01m,      P,     10,      5,    41,     804,      0,      0,      0
  23,   1,    0.01m,      P,     10,      5,     8,     603,      0,      0,      0
  24,   1,    0.01m,      P,     10,      5,     4,    3459,      0,      0,      0
  25,   4,    0.01m,      u,     10,      5,    42,     360,      0,      0,      0
  26,   1,    0.01m,      P,     10,      5,     3,    8690,      0,      0,      0
  27,   4,    0.01m,      u,     10,      5,    42,   13464,      0,      0,      0
  28,   4,    0.01m,      u,     10,      5,    40,     613,      0,      0,      0
  29,   4,    0.01m,      u,     10,      5,    38,     554,      0,      0,      0
  30,   2,    0.01m,      u,     10,      5,    40,     706,      0,      0,      0
  31,   2,    0.01m,      u,     10,      5,    41,     706,      0,      0,      0
  32,   3,    0.01m,      P,     10,      5,    41,     554,      0,      0,      0
  33,   1,    0.01m,      P,     10,      5,     1,   48726,      0,      0,      0
  34,   3,    0.01m,      P,     10,      5,    42,     526,      0,      0,      0
  35,   4,    0.01m,      u,     10,      5,    32,     403,      0,      0,      0
  36,   3,    0.01m,      P,     10,      5,    39,     475,      0,      0,      0
  37,   1,    0.01m,      P,     10,      5,     0,   50000,      0,      0,      0
  38,   3,    0.01m,      P,     10,      5,     8,     830,      0,      0,      0
  39,   1,    0.01m,      P,     10,      5,     1,   17631,      0,      0,      0
  40,   3,    0.01m,      P,     10,      5,    38,    2974,      0,      0,      0
  41,   4,    0.01m,      u,     10,      5,    13,    1511,      0,      0,      0
  42,   3,    0.01m,      P,     10,      5,    41,     824,      0,      0,      0
  43,   2,    0.01m,      u,     10,      5,    40,     586,      0,      0,      0
  44,   1,    0.01m,      P,     10,      5,     0,   50000,      0,      0,      0
  45,   1,    0.01m,      P,     10,      5,     0,   50000,      0,      0,      0
  46,   4,    0.01m,      u,     10,      5,    28,     423,      0,      0,      0
  47,   1,    0.01m,      P,     10,      5,     0,   50000,      0,      0,      0
  48,   4,    0.01m,      u,     10,      5,    24,    1636,      0,      0,      0
  49,   3,    0.01m,      P,     10,      5,    41,   33756,      0,      0,      0
  50,   2,    0.01m,      u,     10,      5,    12,     767,      0,      0,      0
  51,   1,    0.01m,      P,     10,      5,     1,    9463,      0,      0,      0
  52,   2,    0.01m,      u,     10,      5,     4,    1533,      0,      0,      0
  53,   4,    0.01m,      u,     10,      5,    21,    5081,      0,      0,      0
  54,   2,    0.01m,      u,     10,      5,    32,   34061,      0,      0,      0
  55,   3,    0.01m,      P,     10,      5,    42,     476,      0,      0,      0
  56,   2,    0.01m,      u,     10,      5,     6,     485,      0,      0,      0
  57,   2,    0.01m,      u,     10,      5,    35,   13499,      0,      0,      0
  58,   3,    0.01m,      P,     10,      5,    41,    1191,      0,      0,      0
  59,   3,    0.01m,      P,     10,      5,    40,    2505,      0,      0,      0
  60,   2,    0.01m,      u,     10,      5,     5,     530,      0,      0,      0

1,102,104
2,138,138,108,81,109,79,102,110,102,116,113,117,120,117,119,121,118,127,119,120,120,124,128,124,143,128,125,129,128,139,151,191,147,125,133,138,131,134,126,130
3,96,102,95,199,78,102,114,120,122,123,123,129,121,123,128,127,124,128,125,129,143,132,130,127,145,295,121,123,139,130,123,131,129,134,154,122,128,135
4,2584,102,99,113,115,116,112,118,120,120,123,122,124,368,120,130,128,125,126
5,96,87,101,107,113,114,114,115,115,118,120,122,125,120,125,136,127,128,128,132,133,130,128,133,141,130,128,135,126,131,133,140,617,115,124,125
6,925,2718,103,141
7,98,93,102,107,114,114,123,116,117,118,122,118,118,127,120,123,121,124,124,129,132,127,123,124,136,126,123,121,123,126,129,131,126,128,136,126,130,131,136,135
8,112,107,122,721,1364
9,89,101,116,112,106,111,121,120,121,118,121,120,118,124,129,135,506,118,115,120,121,133,348,114,119,124,124,120,126,121,140,130,129,131,131,145
10,101,103,106,117,123,122,122,151,128,117,121,126,124,122,124,127,115,123,124,125,128,127,123,122,129,118,127,129,128,130,119,135,123,121,121,125,129,125,121,142
11,88,84,105,112,118,119,122,120,117,124,121,119,125,138,134,139,131,130,127,128,123,127,137,141,133,131,132,130,130,127,139,154,145,131,133,128,123,128,126
12,85,87,114,116,117,118,122,119,114,118,636,107,116,131,126,123,123,127,129,120,123,128,134,392,114,111,119,124,121,122,131,121,122,123,129
13,95,97,131,103,114,120,115,115,117,121,122,120,118,382,121,116,127,127,127,130,126,125,132,158,144,418,124,111,125,149,135,125,119,127,131,130
14,109,250,99,107,108,110,109,120,120,121,124,113,125,124,122,124,134,130,128,125,131,132,133,132,132,127,131,135,133,131,132,128,130,128,129,131,131,131
15,105
16,115,1227
17,86,89,104,104,109,116,116,113,109,112,112,112,109,111,121,117,112,113,114,119,120,130,128,119,114,121,117,119,114,126,124,139,129,127,128,125,121,126,137,119,122,124
18,91,85,111,109,113,111,112,122,115,118,129,570,108,110,118,128,129,381,115,119,122,117,119,121,121,121,125,120,120,124,126,122,124,130,125,133
19,116,81,112,102,107,114,116,121,109,114,121,122,118,122,140,121,118,126,121,126,127,122,128,332,117,110,126,121,121,122,122,133,125,126,129,129,128,133,138
20,93,93,106,116,120,119,121,122,120,122,127,123,123,128,130,128,121,127,127,127,134,135,140,128,122,120,123,127,130,129,126,139,126,124,123,126,129,138,129,129
21,103,97,115,117,113,131,113,116,122,126,122,123,128,129,509,115,114,112,121,120,125,114,121,120,119,115,122,145,132,124,123,136,124,123,124,120,129,132
22,98,89,104,115,121,116,119,118,125,125,122,117,117,115,119,122,133,122,125,127,125,120,126,126,124,122,131,116,117,125,129,133,133,144,126,124,203,124,124,129
23,94,89,116,114,1153,118,112
24,1972,136,130
25,103,150,120,121,110,113,111,117,117,105,115,116,115,117,129,117,121,119,115,119,122,122,119,119,130,113,112,115,116,120,120,119,137,122,123,126,124,120,137,114,125
26,812,115
27,112,96,110,111,115,112,112,118,117,114,115,115,115,116,116,117,130,119,116,121,118,116,129,116,117,118,119,121,120,130,129,141,122,121,126,122,126,127,129,129,126
28,140,103,137,121,125,119,120,123,113,124,128,124,123,127,123,127,127,130,140,214,129,123,117,118,121,122,126,122,126,139,123,121,127,123,118,123,126,125,134
29,107,163,124,122,122,116,122,123,123,119,124,126,117,142,149,228,132,124,132,132,130,127,127,136,120,119,123,124,122,123,124,241,122,139,135,134,132
30,112,155,119,117,107,118,116,116,120,120,122,122,118,120,125,120,122,123,129,129,125,134,125,122,127,127,125,136,127,133,143,130,144,136,127,139,127,129,150
31,106,122,121,109,117,116,123,122,111,121,125,122,124,117,127,124,118,121,125,124,125,130,140,128,125,128,123,122,126,131,130,137,125,128,127,127,128,125,128,130
32,98,105,115,116,116,116,126,119,125,119,117,117,120,121,143,127,124,127,125,128,121,127,150,120,149,124,121,131,135,137,129,121,147,120,122,123,125,128,125,131
33
34,105,96,109,120,94,108,120,114,114,111,110,110,109,120,114,117,113,112,116,129,114,114,112,115,115,119,121,155,130,144,146,133,122,130,132,130,125,120,123,120,134
35,187,108,133,118,110,122,115,115,114,120,115,121,123,126,121,122,160,127,123,121,126,344,124,114,114,120,121,139,119,120,126
36,101,95,121,114,115,107,112,116,120,124,128,122,133,122,122,115,112,120,120,122,122,453,112,114,120,117,130,115,121,124,123,123,141,127,123,126,127,140
37
38,1740,485,494,373,511,382,674
39
40,124,130,94,102,110,114,114,113,116,114,119,128,116,117,119,122,121,121,132,118,121,118,126,125,667,114,108,116,119,122,126,137,119,123,128,124,133
41,96,106,112,3378,97,100,113,129,123,468,106,110
42,102,119,124,93,105,114,110,113,118,116,112,127,121,117,115,120,120,117,114,133,113,123,122,124,130,138,130,144,126,122,129,122,152,122,139,125,126,129,136,133
43,93,100,108,123,111,98,94,125,112,119,119,125,125,128,124,126,132,142,138,137,127,133,127,127,133,130,133,129,138,133,136,140,125,131,128,139,142,142,140
44
45
46,97,95,1752,115,114,121,117,135,118,119,117,118,123,122,135,125,122,140,123,127,145,128,126,123,123,126,141
47
48,96,100,102,108,119,120,124,114,116,123,117,109,119,117,115,138,124,115,122,118,104,121,121
49,70,88,84,98,104,106,111,109,108,107,114,118,112,118,422,103,114,112,113,112,117,115,143,110,116,115,119,124,120,137,140,119,130,131,120,118,124,121,120,133
50,106,106,31,199,98,102,128,325,101,120,118
51
52,96,102,110
53,116,27,72,109,117,103,122,105,125,124,353,119,124,225,358,1775,101,109,117,122
54,102,128,111,112,103,112,116,113,128,223,125,126,120,111,125,686,93,109,109,117,114,117,124,118,130,121,115,249,108,123,140
55,99,192,87,98,106,113,105,108,112,113,111,113,125,112,112,116,118,116,116,129,115,117,115,119,118,117,133,115,120,120,124,119,120,127,147,121,124,122,121,125,128
56,98,100,107,111,107
57,517,96,305,100,112,129,84,104,113,106,113,129,105,121,119,107,113,355,101,121,99,117,129,125,117,131,127,121,126,115,119,336,112,117
58,146,144,104,106,111,112,114,115,113,113,118,133,122,116,127,126,120,120,123,123,119,135,118,121,122,127,126,141,125,121,122,136,122,124,139,124,120,128,128,125
59,235,92,118,114,114,123,120,120,120,120,126,123,121,136,127,124,126,124,124,120,128,126,121,130,141,128,128,130,130,124,126,138,124,125,128,132,129,132,128
60,89,99,115,110
