condition_1 = [
    [0.400],
    [0.116,0.121],
    [0.111,0.110,0.121,0.116,0.124,0.118,0.121,0.121,0.119,0.119,0.120,0.122,0.127,0.121,0.124,0.125,0.143,0.111,0.133,0.123,0.131,0.126,0.130,0.129,0.859,0.106,0.98,0.126,0.107,0.132,0.135,0.127,0.127,0.135],
    [0.102,0.101,0.113,0.115,0.138,0.376,0.110,0.123,0.1102,0.114,0.574],
    [0.104,0.119,0.111,0.114,0.117,0.120,0.123,0.126,0.131,0.129,0.125,0.125,0.125,0.128,0.120,0.147,0.127,0.129,0.116,0.137,0.127,0.123,0.125,0.143,0.117,0.120,0.130,0.128,0.131,0.127,0.140,0.121,0.133,0.126,0.135,0.134,0.138,0.151,0.126],
    [0.107,0.120,0.1446,0.119,0.131],
    [0.104,0.94,0.111,0.114,0.122,0.122,0.113,0.127,0.128,0.125,0.124,0.125,0.124,0.123,0.121,0.146,0.97,0.136,0.103,0.138,0.114,0.131,0.121,0.148,0.103,0.125,0.127,0.145,0.126,0.123,0.140,0.125,0.158,0.139,0.130,0.138,0.123,0.141,0.130],
    [0.117,0.102,0.123,0.110,0.134,0.127,0.139,0.120,0.111,0.146,0.113,0.149,0.130,0.138,0.147,0.135,0.139,0.137,0.167,0.118,0.152,0.151,0.148,0.135,0.141,0.141,0.142,0.135,0.147,0.149,0.123,0.160,0.136,0.147,0.142,0.159],
    [0.101],
    [0.97,0.100,0.110,0.115,0.121,0.120,0.125,0.108,0.133,0.123,0.143,0.114,0.98,0.109,0.121,0.111,0.127,0.116,0.120,0.115,0.114,0.108,0.122,0.115,0.673,0.97,0.104,0.106,0.108,0.113,0.109,0.103,0.97,0.109,0.109,0.121,0.129,0.110,0.120],
    [0],
    [0],
    [0.165,0.123,0.142,0.154,0.148,0.135,0.277,0.144,0.117,0.151,0.139,0.123,1.403,0.163,0.118,0.126],
    [0.121,0.131,1.324,0.117],
    [0.118,0.126,0.136,0.132,0.143,0.138,0.187,0.1538,0.114,0.121,0.121,0.124,0.137,0.144,0.138,0.144,0.145,0.139,0.137,0.134,0.135,0.162,0.120,0.123],
    [0.126,0.1325,0.119,0.494,0.282,0.212,0.270],
    [0],
    [0.133],
    [0.110,0.120,0.418,0.764,0.330,0.653,0.319,0.176,0.124,0.161,0.361,0.720],
    [0.114,0.115,0.128,0.129,0.133,0.131,0.136,0.134,0.132,0.133,0.134,0.146,0.137,0.135,0.139,0.133,0.128,0.122,0.120,0.129,0.118,0.150,0.91,0.105,0.135,0.98,0.229,0.112,0.125,0.131,0.147,0.130,0.137,0.131,0.133,0.140,0.140,0.135],
    [0.113,0.112,0.148,0.108],
    [0.57,0.244,0.366],
    [0.97,0.84,0.108,0.118,0.107,0.124,0.118,0.126,0.124,0.139,0.125,0.134,0.125,0.110,0.112,0.129,0.136,1.496,0.107,0.97,0.124,0.111,0.138,0.133,0.134,0.146,0.169],
    [0.61,0.241,0.124,0.122,0.26,0.189,0.151,0.112,0.107,0.180,0.410,0.372,0.155,0.178,1.173,0.86,0.34,0.130,0.107],
    [0],
    [0.117,0.127,0.188,0.111,0.186],
    [0.105,0.111,0.109,0.123,0.123,0.126,0.128,0.135,0.130,0.149,0.134,0.130,0.117,0.132,0.138,0.142,0.122,0.140,0.137,0.104,0.122,0.111,0.103,0.105,0.113,0.113,0.131,0.142,0.115,0.132,0.120,0.132,0.126,0.137,0.139,0.127,0.152,0.104,0.114,0.108],
    [0.431,0.1501,0.53,0.111,0.457,0.241,0.147,0.603,0.106,0.215,0.403,0.30,0.334],
    [0.82,0.153,0.382,0.210,0.50,0.178,0.126,0.230,0.106,0.176,0.219,1.067],
    [0.114,0.96,0.126,0.119,0.127,0.130,0.132,0.136,0.129,0.129,0.143,0.132,0.126,0.110,0.136,0.120,0.113,0.127,0.124,0.127,0.127,0.126,0.124,0.121,0.113,0.119,0.112,0.143,0.125,0.122,0.107,0.118,0.112,0.145,0.108,0.133,0.15,0.219,0.133],
    [0.120,0.157,0.203,0.550,0.118,0.207,0.119],
    [0.127],
    [0],
    [0.109,0.130],
    [0],
    [0],
    [0.117,0.118,0.120,0.131,0.128,0.122,0.126,0.125,0.117,0.121,0.125,0.124,0.121,0.133,0.122,0.125,0.123,0.128,0.153,0.119,0.155],
    [0.105,0.103,0.478,0.127,2.589,0.375,0.117,0.189,0.298],
    [0.100,0.705,0.112,0.120,3.745
    [0.116,0.114,0.113,0.119,0.119,0.124,0.127,0.133,0.140,0.651,0.304,0.111,0.2515,0.97,0.103,0.109],
    [0.98,0.87,0.107,0.120,0.117,0.119,0.113,0.122,0.124,0.122,0.127,0.120,0.129,0.112,0.131,0.115,0.135,0.748,0.104,0.112,0.107,0.112,0.112,0.109,0.117,0.124,0.120,0.100,0.121,0.108,0.116,0.115,0.131,0.121,0.125,0.119,0.119],
    [0.105,2.605,0.106,0.186,0.592,0.106],
    [0.99,0.83,0.108,0.93,0.105,0.115,0.113,0.119,0.114,0.118,0.115,0.122,0.105,0.124,0.115,0.112,0.109,0.106,0.119,0.106,0.119,0.112,0.110,0.713,0.92,0.110,0.113,0.102,0.109,0.109,0.116,0.114,0.118,0.130,0.117,0.108,0.106,0.227],
    [0.105,0.105],
    [0.109,0.114,0.133,0.112],
    [0.99,0.99,0.112,0.116,0.119,0.121,0.127,0.129,0.130,0.121,0.123,0.271,0.113,0.117,0.98,0.127,0.111,0.114,0.122,0.118,0.132,0.124,0.112,0.129,0.124,0.112,0.135,0.563,0.127,0.105,0.124,0.591,0.106],
    [0.94,0.96,0.90,0.103,0.107,0.101,0.113,0.123,0.118,0.112,0.121,0.112,0.117,0.122,0.116,0.570,0.112,0.110,0.101,0.118,0.111,0.110,0.125,0.118,0.120,0.122,0.119,0.131,0.121,0.125,0.122,0.134,0.130,0.121,0.122,0.123,0.123,0.238],
    [0],
    [0],
    [0],
    [0.110,0.111,0.105,0.112,0.119,0.121,0.124,0.123,0.133,0.132,0.125,0.131,0.120,0.118,0.134,0.131,0.129,0.125,0.134,0.151,0.109,0.120,0.142,0.139,0.131,0.118,0.123,0.148,0.127,0.138,0.116,0.123,0.125,0.140,0.119,0.149,0.122,0.129,0.125],
    [0.130,0.298,0.467],
    [0.103,0.114,0.124,0.120,0.122,0.123,0.125,0.123,0.126,0.206,0.108,0.121,0.126,0.129,0.127,0.127,0.971,0.95,0.90,0.102,0.97,0.106,0.114,0.116,0.122,0.118,0.149,0.116,0.129,0.120,0.136,0.122,0.132],
    [0.872,0.109,0.132,0.229,0.214,2.577,0.234,0.138],
    [4.899],
    [0.113,0.119,0.122,0.126,0.131,0.139,0.138,0.130,0.131,0.136,0.131,0.135,0.145,0.133,0.131,0.130,0.128,0.118,0.120,0.119,0.118,0.123,0.104,0.115,0.126,0.120,0.113,0.115,0.140,0.131,0.129,0.115,0.132,0.113,0.120,0.137,0.139,0.130,0.135],
    [0.108,0.130,0.131,0.132,0.136,0.141,0.125,0.114,0.124,0.125,0.120,0.124,0.123,0.126,0.124,0.124,0.132,0.127,0.121,0.124,0.144,0.113,0.132,0.503,0.116,0.129,0.142,0.131,0.116,0.124,0.130,0.118,0.121,0.131,0.150,0.118],
    [0.130,0.130,0.141,0.131,0.285,0.117,0.101,0.123,0.124,0.116,0.129,0.124,0.126,0.239,0.114,0.129,0.117,0.108,0.129,0.105,0.119,0.125],
    [0],
    [0.105,0.135,0.2674,0.133],
    [0.106,0.107,0.108,0.127,0.449,0.440,0.215,0.206,0.232,0.79],
    [0.114],
    [0],
    [0],
    [0.150],
    [0],
    [0.69,0.102,0.128,0.123,0.129,0.130,0.129,0.132,0.132,0.119,0.128,0.118,0.130,0.120,0.134,0.108,0.121,0.106,0.120,0.101],
    [0],
    [0],
    [0],
    [0.97,0.97,0.101,0.95,0.117,0.121,0.128,0.130,0.128,0.124,0.131,0.125,0.131,0.815,0.84,0.107,0.116,0.116,0.129,0.124,0.121,0.118,0.132],
    [0.97,0.101,0.121,0.109,0.125],
    [0.221,0.101,0.110,0.110,0.129,0.125,0.481,0.107,0.90,0.109,0.114],
    [0.107,0.132,0.126,0.102,0.126],
    [0.101,0.97,0.116,0.117,0.127,0.120,0.120,0.124,0.120,0.127,0.122,0.116,0.125,0.124,0.122,0.1075,0.117,0.116,0.117,0.128,0.138,0.125,0.130,0.123,0.129,0.122,0.120,0.143,0.174,0.123],
    [0.109,0.105,0.123,0.120,0.126,0.125,0.686,0.97,0.97,0.111,0.120,0.125,0.121,0.142,0.115,0.127,0.126,0.130,1.606,0.91,0.108,0.106,0.107,0.112,0.122],
    [0.104,0.105,0.104,0.119,0.118,0.122,0.119,0.118,0.127,0.117,0.128,0.124,0.126,0.124,0.477,0.129,0.119,0.108,0.114,0.112,0.117,0.121,0.121,0.136,0.115,0.118,0.127,0.124,0.123,0.302,0.267,0.483,0.111],
    [0],
    [0.105,0.118,0.131,0.543,0.1276,0.111,0.114,0.145,1.982,0.97],
    [0],
    [0.98,0.118],
    [0],
    [0],
    [0.117,0.89,0.91,0.92,0.113,0.116,0.119,0.120,0.121,0.126,0.121,0.123,0.123,0.115,0.125,0.113,0.121,0.111,0.111,0.121,0.119,0.130,0.115,0.119,0.128,0.123,0.122,0.126,0.123,0.217,0.109,0.127,0.109,0.116,0.122,0.128,0.117,0.118,0.119,0.139,0.134],
    [0],
    [0.103,0.100,0.110,0.103,0.123,0.142,0.125,0.125,0.126,0.117,0.119,0.117,0.112,0.134,0.101,0.125,0.111,0.122,0.128,0.99,0.123,0.115,0.122,0.113,0.123,0.410,0.106,0.117,0.111,0.114,0.365,0.100,0.111,0.108,0.120,0.112,0.129,0.119],
    [0.105,0.95,0.83,0.110,0.96,0.118,2.543,0.99,0.100,0.103,0.115,0.289,0.118,0.108,0.125,0.127,0.126,0.125,0.122,0.126,0.136],
    [0],
    [0.201,0.109,0.86,0.101,0.116,0.120,0.134,0.114,0.136,0.126,0.119,0.120,0.116,0.124,0.115,0.116,0.141,0.105,0.132,0.120,0.135,0.130,0.112,0.129,0.123,0.120,0.140,0.109,0.127,0.123,0.126,0.125,0.128,0.127,0.131,0.144,0.114,0.121,0.259],
    [0.106]
    [0],
    [0],
    [0.119,0.127,0.132,0.123,0.132,0.125,0.123,0.123,0.118,0.121,0.130,0.122,0.119,0.138,0.113,0.125,0.122,0.120,0.122,0.131,0.245,0.139,0.111,0.148,0.100,0.108,0.116,0.115,0.149,0.120,0.124,0.125,0.125,0.137,0.125,0.150,0.129,0.129],
    [0.126,0.133,2.836,0.57,0.125],
    [0.111,0.121,0.130,0.126,0.133,0.129,0.133,0.122,0.127,0.122,0.724,2.915,0.93],
    [0.115,0.122,0.127,0.133,0.146,0.136,0.128,0.130,0.130,0.131,0.124,0.133,0.128,0.120,0.120,0.133,0.122,0.142,0.117,0.123,0.117,0.116,0.125,0.123,0.124,0.124,0.125,0.125,0.114,0.124,0.155,0.118,0.132,0.124,0.126,0.126,0.124,0.126,0.131],
    [2.280,0.141,0.163,1.825],
    [0],
    [0],
    [0]
    [0],
    [0],
    [0],
    [0],
    [0],
    [0],
    [0],
    [0],
    [0],
    [0]
    [0.126],
    [0.110,0.115,0.111,0.115,0.126,0.124,0.130,0.113,0.129,0.125,0.115,0.1272,0.205,0.107,0.107,0.114,0.122,0.123,0.303,0.104,0.115,0.115,0.129,0.109,0.129,0.121,0.135,0.118,0.127],
    [0],
    [0.112,0.103,0.108,0.119,0.117,0.128,0.128,0.118,0.129,0.160,0.109,0.114,0.151,0.531,0.107,0.107,0.108,0.133],
    [0.128],
    [0.111,0.111,0.121,0.123,0.129,0.123,0.132,0.116,0.118,0.119,0.117,0.122,0.115,0.120,0.119],
    [0.98,0.104,0.116,0.111,0.120,0.121,0.120,0.132,0.114,0.119,0.113,1.473,0.102,0.106,0.103,0.134,0.105,0.121,0.120,0.136,0.443,0.101,0.102,0.112,0.118,0.118,0.123],
    [0.127],
    [0.103,0.107,0.108,0.121,0.112,0.126,0.112,0.125,0.114,0.112,0.120,0.115,0.117,0.121,0.1012,0.112,0.114,0.116,0.121,0.129,0.128,0.148,0.118,0.278,0.275,0.113,0.122,0.374,0.130],
    [0]
condition_2 = [
    [0.108,0.98,0.116,0.116,0.136,0.133,0.129,0.130,0.151,0.114,0.143,0.129,0.131,0.141,0.152,0.131,0.132,0.136,0.138,0.140,0.138,0.143,0.484,0.125,0.120,0.144,0.123,0.145,0.141,0.144,0.137,0.136],
    [0.530,0.103,0.121,0.123,0.129,0.133,0.134,0.134,0.142,0.142,0.145,0.138,0.154,0.137,0.146,0.141,0.154,0.143,0.140,0.134,0.144,0.157,0.154,0.144,0.155,0.153,0.158,0.158,0.168,0.168,0.168,0.144],
    [0.105,0.115,0.134,0.123,0.136,0.133,0.129,0.133,0.133,0.137,0.140,0.136,0.139,0.138,0.139,0.153,0.160,0.145,0.141,0.138,0.148,0.153,0.149,0.157,0.152,0.168,0.141,0.139,0.138,0.147,0.149,0.147,0.177,0.144,0.149],
    [0.117,0.102,0.123,0.110,0.134,0.127,0.139,0.120,0.111,0.146,0.113,0.149,0.130,0.138,0.147,0.135,0.139,0.137,0.167,0.118,0.152,0.151,0.148,0.135,0.141,0.141,0.142,0.135,0.147,0.149,0.123,0.160,0.136,0.147,0.142,0.159],
    [0.102,0.112,0.103,0.120,0.113,0.124,0.122,0.124,0.115,0.126,0.118,0.136,0.125,0.129,0.135,0.122,0.128,0.115,0.137,0.127,0.131,0.134,0.138,0.128,0.128,0.123,0.139,0.135,0.142,0.144,0.149,0.136,0.132,0.136,0.138,0.128,0.140,0.142],
    [0.101,0.105,0.117,0.115,0.489,0.106,0.114,0.116,0.126,0.131,0.133,0.136,0.120,0.130,0.126,0.131,0.131,0.120,0.124,0.134,0.115,0.129,0.126,0.132,0.127,0.145,0.124,0.132,0.139,0.125,0.134,0.127,0.133,0.131,0.142,0.127],
    [0.106,0.105,0.110,0.121,0.126,0.124,0.126,0.129,0.129,0.132,0.135,0.131,0.130,0.133,0.125,0.141,0.124,0.131,0.125,0.131,0.129,0.131,0.135,0.136,0.135,0.139,0.166,0.135,0.149,0.132,0.138,0.138,0.138,0.135,0.133,0.143,0.156],
    [0.106,0.114,0.119,0.124,0.131,0.124,0.130,0.132,0.142,0.127,0.144,0.126,0.117,0.146,0.126,0.126,0.130,0.141,0.134,0.181,0.117,0.138,0.138,0.130,0.139,0.145,0.124,0.121,0.136,0.131,0.131,0.133,0.127,0.140,0.263,0.117,0.132],
    [0.117,0.93,0.126,0.117,0.129,0.124,0.110,0.128,0.121,0.125,0.130,0.120,0.119,0.126,0.122,0.127,0.120,0.131,0.143,0.124,0.132,0.125,0.135,0.124,0.137,0.120,0.132],
    [0],
    [0.134,0.137,0.145,0.133,0.127],
    [0.127,0.136,0.146,0.128,0.136,0.144,0.149,0.140,0.139,0.162,0.125,0.161,0.151,0.155,0.167,0.142,0.155,0.138,0.150,0.150,0.149,0.158,0.155,0.163,0.154,0.158,0.169,0.597,0.130,0.136],
    [0.115,0.121,0.131,0.138,0.137,0.145,0.145,0.152,0.144,0.144,0.157,0.171,0.416,0.122,0.134,0.143,0.160,0.143,0.147,0.149,0.153,0.155,0.163,0.179,0.131,0.162,0.879],
    [0.118,0.122,0.148,0.166,0.242,0.167,0.173,1.882],
    [0.118,0.119,0.126,0.125,0.124,0.128,0.129,0.193,0.105,0.117,0.128,0.131,0.140,0.138,0.134,0.131,0.132,0.130,0.151,0.135,0.133,0.133,0.133,0.143,0.134,0.133,0.139,0.144,0.137,0.153,0.384,0.134,0.136,0.137,0.143],
    [0],
    [0],
    [0.116,0.134,0.131,0.137,0.138,0.149,0.170,0.136,0.755,0.120,0.136,0.137,0.140,0.146,0.133,0.140,0.136,0.152,0.154,0.130,0.126,0.133,0.140,0.133,0.151,0.129,0.133,0.136,0.141,0.127,0.148],
    [0],
    [0.119,0.122,0.133,0.121,0.139,0.127,0.122,0.143,0.119,0.142,0.136,0.125,0.137,0.137,0.134,0.129,0.150,0.162,0.154,0.145,0.789,0.146,0.362,0.194,0.161],
    [0.104,0.102,0.115,0.123,0.117,0.131,0.117,0.114,0.132,0.137,0.125,0.127,0.136,0.142,0.161,0.121,0.137,0.132,0.136,0.122,0.144,0.154,0.135,0.139,0.132,0.150,0.126,0.134,0.140,0.147,0.151,0.132,0.140,0.140,0.142,0.155,0.142],
    [0.104,0.100,0.109,0.125,0.125,0.125,0.127,0.134,0.129,0.168,0.153,0.173,0.142,0.128,0.123,0.131,0.118,0.133,0.133,0.107,0.147,0.132,0.140,0.146,0.127,0.129,0.141,0.142,0.142,0.128,0.140,0.138,0.139,0.142,0.138,0.147,0.140],
    [0.107,0.98,0.117,0.123,0.124,0.129,0.129,0.133,0.137,0.136,0.143,0.136,0.136,0.135,0.139,0.145,0.183,0.142,0.140,0.140,0.130,0.138,0.142,0.139,0.153,0.139,0.142,0.137,0.137,0.143,0.149,0.148,0.157,0.137,0.146,0.146],
    [0.122,0.108,0.112,0.100,0.115,0.116,0.122,0.125,0.127,0.138,0.179,0.522,0.130,0.124,0.108,0.136,0.133,0.123,0.134,0.131,0.123,0.146,0.266,0.142,0.142,0.136,0.212,0.917],
    [0.108,0.105,0.120,0.128,0.124,0.124,0.132,0.127,0.126,0.131,0.131,0.125,0.136,0.126,0.156,0.134,0.130,0.122,0.134,0.132,0.130,0.134,0.136,0.155,0.125,0.133,0.136,0.131,0.138,0.141,0.150,0.130,0.138,0.128,0.156,0.133,0.138],
    [0.113,0.113,0.118,0.125,0.127,0.132,0.132,0.130,0.129,0.129,0.139,0.159,0.296,0.126,0.110,0.127,0.135,0.128,0.126,0.128,0.138,0.135,0.137,0.129,0.142,0.150,0.134,0.141,0.131,0.144,0.122,0.143,0.133,0.137,0.147,0.142],
    [0.113,0.106,0.123,0.117,0.125,0.130,0.131,0.126,0.137,0.132,0.137,0.131,0.142,0.134,0.136,0.145,0.133,0.148,0.139,0.136,0.153,0.144,0.136,0.139,0.129,0.127,0.139,0.159,0.129,0.139,0.124,0.151,0.142,0.145,0.131,0.135,0.156],
    [0.101,0.133,0.192,0.97,0.109,0.112,0.131,0.117,0.136,0.127,0.138,0.132,0.138,0.143,0.137,0.159,0.148,0.139,0.139,0.147,0.143,0.122,0.137,0.146,0.141,0.129,0.153,0.130,0.141,0.134,0.133,0.126,0.130,0.123,0.128,0.169],
    [0],
    [0.110,0.129,0.141,0.140,0.129,0.127,0.136,0.139,0.120,0.134,0.132,0.126,0.131,0.128,0.562,0.107,0.112,0.133,0.127,0.123,0.127,0.129,0.257,0.129,0.1049,0.151],
    [0.142,0.132,0.128,0.138,0.117,0.123,0.130,0.125,0.130,0.129,0.129,0.131,0.136,0.134,0.128,0.133,0.133,0.134,0.129,0.146,0.134,0.137,0.137,0.142,0.140,0.159,0.135,0.136,0.139,0.140,0.144,0.141,0.144,0.156,0.141,0.137],
    [0],
    [0.129,0.119,0.120,0.126,0.124,0.142,0.138,0.160,0.191,0.460,0.119,0.116,0.124,0.130,0.130,0.135,0.128,0.128,0.134,0.150,0.124,0.140,0.130,0.136,0.133,0.136,0.148,0.138,0.134,0.138,0.139,0.156,0.133,0.138],
    [1.339,0.105,0.112,0.116,0.116,0.122,0.125,0.133,0.130,0.143,0.141,0.146,0.158,0.153,0.150,0.160,0.142,0.194,0.152,0.137,0.136,0.141,0.150,0.137,0.130,0.142,0.149],
    [0.110,0.105,0.112,0.121,0.124,0.123,0.128,0.127,0.129,0.128,0.142,0.137,0.131,0.142,0.159,0.144,0.136,0.141,0.137,0.136,0.145,0.137,0.136,0.133,0.159,0.163,0.183,0.138,0.134,0.188,0.125,0.148,0.132,0.141,0.136,0.132],
    [0.103,0.110,0.117,0.123,0.129,0.125,0.128,0.126,0.121,0.131,0.184,0.149,0.149,0.139,0.139,0.135,0.132,0.127,0.136,0.128,0.130,0.143,0.129,0.135,0.133,0.128,0.134,0.134,0.149,0.130,0.131,0.133,0.143,0.133,0.141,0.158,0.127],
    [0.101,0.96,0.108,0.112,0.119,0.122,0.121,0.127,0.124,0.127,0.126,0.130,0.125,0.122,0.135,0.153,0.117,0.133,0.141,0.187,0.698,0.121,0.124,0.126,0.130,0.129,0.128,0.132,0.139,0.139,0.137,0.156,0.126],
    [0.105,0.113,0.124,0.148,0.142,0.148,0.142,0.137,0.1197,0.120,0.113,0.122,0.129,0.130,0.141,0.128,0.130,0.133,0.134,0.134,0.132,0.141,0.165,0.128,0.131,0.140,0.137,0.151,0.146],
    [0.113,0.102,0.100,0.117,0.114,0.118,0.122,0.121,0.126,0.590,0.102,0.105,0.146,0.139,0.119,0.121,0.124,0.123,0.128,0.127,0.141,0.120,0.129,0.127,0.126,0.178,0.117,0.148,0.126,0.133,0.178,0.132,0.136,0.158,0.134],
    [0.113,0.104,0.114,0.129,0.124,0.123,0.130,0.126,0.127,0.131,0.127,0.135,0.134,0.140,0.134,0.150,0.132,0.125,0.140,0.137,0.131,0.133,0.150,0.132,0.127,0.146,0.167,0.131,0.139,0.157,0.174,0.135,0.317],
    [0.106,0.110,0.112,0.121,0.114,0.119,0.111,0.120,0.120,0.118,0.111,0.123,0.122,0.125,0.112,0.128,0.127,0.124,0.128,0.121,0.120,0.128,0.130,0.1519,0.119,0.118,0.128,0.121,0.125],
    [0.132,0.114,0.242,0.135,0.117,0.131,0.127,0.126,0.131,0.796,0.118,0.138,0.118,0.129,0.129,0.119,0.127,0.122,0.129,0.127,0.123,0.123,0.128,0.127],
    [0.101,0.107,0.125,0.130,0.144,0.120,3.121,0.119,0.126,0.134],
    [0.108,0.113,0.121,0.123,0.122,0.129,0.131,0.121,0.122,0.119,0.127,0.131,0.119,0.122,0.358,0.120,0.128,0.122,0.124,0.1891,0.121,0.131,0.144,0.151],
    [0.130,0.109,0.134,0.120,0.1528,0.91,0.119,0.127,0.120,0.121,0.152,0.195,0.1609,0.136,0.141,0.164],
    [0],
    [0.103,0.109,0.117,0.124,0.129,0.116,0.126,0.136,0.110,0.123,0.112,0.111,0.116,0.113,0.133,0.119,0.130,0.127,0.119,0.125,0.121,0.110,0.140,0.119,0.135,0.139,0.175,0.107,0.121,0.134,0.134,0.123,0.128,0.127,0.123,0.129,0.140,0.161],
    [0],
    [0],
    [0],
    [0],
    [0.408,0.116,0.129,0.138,0.132,0.132,0.129,0.142,0.130,0.132,0.132,0.144,0.120,0.133,0.139,0.144,0.130,0.130,0.137,0.138,0.132,0.132,0.133,0.139,0.131,0.136,0.130,0.153,0.131,0.131,0.141,0.135,0.141,0.131,0.157],
    [0.112,0.122,0.134,0.136,0.138,0.138,0.143,0.496,0.108,0.121,0.134,0.138,0.139,0.133,0.144,0.139,0.135,0.139,0.134,0.133,0.137,0.196,0.137,0.122,0.129,0.141,0.137,0.158,0.131,0.130,0.137,0.137,0.162],
    [0.113,0.121,0.124,0.133,0.132,0.138,0.139,0.149,0.141,0.142,0.141,0.143,0.141,0.150,0.150,0.126,0.120,0.155,0.136,0.131,0.148,0.149,0.143,0.169,0.153,0.141,0.149,0.147,0.148,0.145,0.161,0.151,0.144,0.142,0.152],
    [0.108,0.115,0.124,0.137,0.151,0.84,0.135,0.148,0.139,0.139,0.127,0.136,0.150,0.151,0.135,0.149,0.144,0.113,0.143,0.142,0.132,0.157,0.191,0.162,0.138,0.133,0.145,0.145,0.148,0.144,0.143,0.165,0.96,0.149,0.143,0.135],
    [0.106,0.119,0.129,0.136,0.148,0.126,0.134,0.133,0.137,0.135,0.134,0.131,0.141,0.147,0.142,0.134,0.133,0.134,0.145,0.145,0.136,0.139,0.144,0.142,0.147,0.150,0.148,0.137,0.138,0.143,0.147,0.151,0.142,0.148,0.142],
    [0.122,0.147,0.139,0.130,0.130,0.130,0.122,0.129,0.277,0.119,0.121,0.136,0.138,0.138,0.126,0.122,0.143,0.132,0.133,0.129,0.127,0.158,0.125,0.132,0.132,0.137,0.133,0.139,0.132,0.148,0.142,0.135,0.139,0.142,0.140,0.125],
    [0.130,0.146,0.138,0.141,0.121,0.134,0.136,0.136,0.197,0.124,0.138,0.140,0.138,0.132,0.145,0.130,0.140,0.128,0.152,0.128,0.132,0.127,0.142,0.138,0.138,0.140,0.140,0.134,0.152,0.165,0.116,0.130,0.146,0.144,0.123,0.136],
    [0.125,0.143,0.129,0.143,0.135,0.127,0.137,0.137,0.136,0.131,0.131,0.127,0.128,0.123,0.141,0.138,0.129,0.139,0.154,0.145,0.220,0.160,0.116,0.124,0.131,0.140,0.171,0.119,0.149,0.138,0.144,0.140,0.143,0.133,0.163],
    [0],
    [0.108,0.117,0.121,0.118,0.135,0.125,0.125,0.134,0.133,0.135,0.131,0.140,0.128,0.126,0.137,0.132,0.124,0.130,0.125,0.137,0.134,0.151,0.132,0.125,0.127,0.141,0.139,0.129,0.133,0.129,0.133,0.129,0.126,0.166,0.136,0.149,0.125],
    [0.124,0.115,0.126,0.119,0.128,0.125,0.120,0.128,0.132,0.130,0.130,0.121,0.123,0.134,0.128,0.124,0.120,0.131,0.126,0.119,0.132,0.128,0.128,0.132,0.128,0.135,0.151,0.123,0.127,0.131,0.129,0.142,0.141,0.123,0.127,0.141,0.142,0.132],
    [0],
    [0],
    [0.118,0.105,0.136],
    [0.111,0.104,0.112,0.124,0.123,0.125,0.129,0.130,0.133,0.141,0.117,0.136,0.129,0.129,0.139,0.125,0.124,0.148,0.122,0.129,0.140,0.130,0.128,0.134,0.133,0.121,0.134,0.124,0.126,0.122,0.152,0.120,0.129,0.133,0.128,0.126,0.122,0.129,0.129],
    [0],
    [0],
    [0],
    [0],
    [0.98,0.117,0.122,0.128,0.131,0.140,0.122,0.132,0.130,0.224,0.915,0.123,0.124,0.129,0.125,0.136,0.140,0.133,0.131,0.128,0.128,0.128,0.148,0.124,0.133,0.135,0.134,0.135,0.132,0.146,0.126],
    [0.101,0.109,0.121,0.122,0.120,0.123,0.121,0.121,0.121,0.126,0.123,0.127,0.125,0.149,0.132,0.124,0.142,0.136,0.126,0.132,0.143,0.125,0.132,0.129,0.123,0.133,0.189,0.121,0.128,0.131,0.693,0.114,0.119,0.127],
    [0.112,0.104,0.106,0.120,0.116,0.119,0.126,0.120,0.131,0.118,0.123,0.132,0.141],
    [0.113,0.128,0.139,0.127,0.127,0.118,0.133,0.130,0.136,0.129,0.124,0.134,0.147,0.128,0.127,0.136,0.130,0.135,0.129,0.142,0.151,0.134,0.141,0.143,0.138,0.144,0.149,0.192,0.172,0.146,0.143,0.146,0.142,0.144,0.129,0.143],
    [0.156,2.188,0.112,0.121,0.133,0.136,0.132,0.144,0.143,0.135,0.151,0.256,0.132,0.140,0.143,0.133,0.152,0.128,0.135],
    [0.102,0.112,0.118,0.120,0.131,0.125,0.125,0.125,0.124,0.129,0.130,0.128,0.131,0.139,0.354,0.116,0.121,0.134,0.328,0.127,0.121,0.132,0.137,0.134,0.153,0.148,0.164,0.126,0.140,0.151,0.121,0.140,0.136,0.133,0.134],
    [0],
    [0.109,0.119,0.159,0.130,0.122,0.129,0.135,0.288,0.132,0.148,0.140,0.118,0.491,0.105,0.114,0.124,0.138,0.120],
    [0],
    [0],
    [0],
    [0],
    [0],
    [0],
    [0],
    [0],
    [0.101,0.108,0.102,0.117,0.112,0.118,0.117,0.116,0.119,0.121,0.121,0.118,0.125,0.124,0.122,0.122,0.125,0.124,0.136,0.115,0.127,0.132,0.120,0.126,0.123,0.109,0.131,0.130,0.121,0.138,0.119,0.123,0.136],
    [0],
    [0],
    [0.105,0.116,0.1976,0.101,0.103,0.104,0.120,0.119,0.132,0.122,0.130,0.123,0.118,0.123,0.121,0.117,0.127,0.119,0.124,0.130],
    [0],
    [0.99,0.92,0.105,0.105,0.117,0.123,0.131,0.124,0.143,0.136,0.133,0.128,0.130,0.132,0.142,0.222,0.121,0.123,0.123,0.125,0.135,0.589,0.108,0.114,0.127,0.125,0.139,0.133,0.136,0.139,0.124,0.132,0.141,0.129,0.167]
    [0.125,0.126,0.133,0.132,0.127,0.130,0.286,0.126,0.131,0.140,0.129,0.121,0.131,0.144,0.128,0.135,0.160,0.136,0.149,0.157,0.126,0.336,0.129,0.137,0.154,0.120,0.124,0.146,0.159,0.389],
    [0],
    [0],
    [0.119,0.134,0.129,0.136,0.130,0.131,0.140,0.133,0.126,0.131,0.131,0.130,0.130,0.127,0.137,0.135,0.146,0.131,0.134,0.147,0.128,0.144,0.142,0.137,0.131,0.135,0.161,0.124,0.124,0.138,0.137,0.133,0.123,0.137,0.156,0.112,0.151],
    [0],
    [0.388,0.109,0.136,0.154,0.149,0.226,0.987,0.113,0.110,0.128,0.135,0.133,0.131,0.126,0.127,0.128,0.128,0.127,0.152,0.128,0.123,0.131,0.128,0.132,0.150,0.132,0.121,0.126,0.134],
    [0.112,0.125,0.125,0.126,0.127,0.136,0.141,0.114,0.138,0.115,0.125,0.126,0.133,0.122,0.121,0.139,0.138,0.127,0.123,0.122,0.137,0.130,0.125,0.129,0.143,0.124,0.125,0.126,0.135,0.128,0.155,0.132,0.121,0.135,0.140,0.137,0.148,0.138],
    [0.112,0.184,0.1750,0.141,0.120,0.123,0.126,0.124,0.130,0.127,0.127,0.124,0.124,0.128,0.132,0.128,0.354,0.134,0.128,0.132,0.119,0.130,0.124,0.126],
    [0],
    [0]
    [0],
    [0.123,0.105,0.122,0.126,0.123,0.123,0.121,0.130,0.133,0.101,0.115,0.113,0.126,0.124,0.115,0.120,0.131,0.136,0.117,0.129,0.110,0.116,0.129,0.123,0.122,0.133,0.122,0.133,0.133,0.115,0.124,0.129,0.124,0.130,0.134,0.132,0.128,0.149,0.132,0.131],
    [0.113,0.116,0.123,0.135,0.124],
    [0],
    [0],
    [0],
    [0.54,0.198,0.15,0.288,2.367,0.117,0.124,0.178,0.176,0.176,0.31],
    [0.118,0.123,0.127,0.140,0.140,0.125,0.126,0.117,0.135,0.128,0.129,0.136,0.126,0.130,0.123,0.126,0.155,0.111,0.128,0.122,0.135,0.125,0.122,0.120,0.143,0.120,0.133,0.130,0.131,0.121,0.125,0.116,0.153,0.131,0.174,0.123,0.130,0.126],
    [0],
    [0]
    [0.114,0.115,0.121,0.126,0.132,0.116,0.124,0.134,0.118,0.126,0.132,0.127,0.142,0.155,0.132,0.183,0.137,0.139,0.161,0.164,0.979,0.130,0.140,0.132,0.126,0.150,0.127,0.128,0.136,0.135],
    [0.107,0.107,0.127,0.130,0.131,0.130,0.127,0.131,0.134,0.122,0.131,0.132,0.134,0.146,0.133,0.137,0.137,0.141,0.134,0.148,0.149,0.136,0.292,0.304,0.143,0.134,0.146,0.139,0.141,0.167,0.139,0.158,0.138,0.154],
    [0.108,0.121,0.120,0.122,0.128,0.128,0.134,0.118,0.138,0.129,0.137,0.126,0.130,0.147,0.130,0.129,0.135,0.135,0.138,0.139,0.139,0.136,0.135,0.154,0.148,0.265,0.161,0.320,0.115,0.132,0.137,0.135,0.134,0.145,0.132],
    [0.100,0.106,0.117,0.125,0.118,0.128,0.128,0.123,0.121,0.128,0.127,0.127,0.130,0.131,0.128,0.144,0.123,0.128,0.126,0.131,0.144,0.126,0.131,0.138,0.606,0.206,0.108,0.126,0.123,0.119,0.130,0.131,0.130,0.129,0.150],
    [0.107,0.112,0.126,0.116,0.123,0.136,0.136,0.131,0.135,0.131,0.125,0.143,0.131,0.138,0.131,0.126,0.133,0.164,0.117,0.145,0.132,0.138,0.138,0.144,0.136,0.138,0.155,0.137,0.142,0.140,0.154,0.133,0.153,0.153,0.139],
    [0.97,0.111,0.110,0.120,0.127,0.124,0.128,0.125,0.116,0.127,0.129,0.131,0.131,0.154,0.127,0.134,0.127,0.134,0.125,0.134,0.129,0.154,0.133,0.881,0.106,0.110,0.118,0.120,0.125,0.148,0.122,0.127,0.136],
    [0.103,0.107,0.119,0.116,0.125,0.125,0.120,0.120,0.126,0.120,0.128,0.119,0.130,0.125,0.139,0.143,0.133,0.126,0.149,0.490,0.214,0.120,0.118,0.124,0.125,0.151,0.130,0.127,0.127,0.125,0.133,0.133,0.128,0.159],
    [0.108,0.110,0.120,0.130,0.127,0.132,0.136,0.125,0.136,0.160,0.138,0.121,0.347,0.128,0.156,0.455,0.131,0.108,0.141,0.125,0.151,0.239,0.127,0.129,0.160,0.127,0.142,0.129,0.139,0.133,0.132], 
condition_3 = [
    [0.89,0.90,0.90,0.96,0.98,0.103,0.104,0.106,0.108,0.106,0.108,0.106,0.105,0.109,0.120,0.105,0.109,0.109,0.111,0.114,0.118,0.132,0.112,0.120,0.113,0.115,0.132,0.109,0.116,0.113,0.119,0.122,0.119,0.142,0.105,0.124,0.118,0.120,0.140,0.114,0.127,0.122,0.120,0.127]
    [0.94,0.93,0.99,0.101,0.105,0.101,0.109,0.110,0.113,0.113,0.115,0.115,0.120,0.117,0.113,0.112,0.117,0.117,0.122,0.118,0.118,0.135,0.120,0.117,0.126,0.122,0.139,0.116,0.121,0.119,0.121,0.132,0.115,0.130,0.126,0.126,0.137,0.117,0.127,0.122,0.124,0.145]
    [0.92,0.85,0.97,0.105,0.111,0.105,0.109,0.107,0.110,0.110,0.112,0.119,0.110,0.115,0.115,0.116,0.115,0.114,0.128,0.122,0.126,0.121,0.118,0.124,0.140,0.114,0.126,0.124,0.123,0.121,0.122,0.134,0.113,0.120,0.123,0.122,0.121,0.123,0.137,0.118,0.121,0.122]
    [0.92,0.96,0.99,0.107,0.112,0.109,0.108,0.114,0.114,0.114,0.114,0.113,0.114,0.110,0.115,0.123,0.117,0.119,0.117,0.119,0.118,0.120,0.124,0.132,0.114,0.126,0.119,0.123,0.120,0.123,0.123,0.122,0.133,0.124,0.125,0.120,0.125,0.126,0.122,0.128,0.146,0.123]
    [0.90,0.91,0.98,0.93,0.104,0.107,0.107,0.109,0.114,0.106,0.112,0.114,0.114,0.119,0.110,0.113,0.120,0.118,0.116,0.129,0.113,0.119,0.118,0.123,0.120,0.120,0.131,0.119,0.119,0.118,0.117,0.141,0.142,0.117,0.121,0.122,0.123,0.135,0.120,0.123,0.124,0.126]
    [0.87,0.87,0.93,0.97,0.104,0.108,0.103,0.108,0.107,0.114,0.117,0.114,0.112,0.122,0.123,0.117,0.118,0.118,0.119,0.121,0.124,0.121,0.132,0.115,0.118,0.122,0.126,0.123,0.125,0.135,0.120,0.124,0.135,0.134,0.126,0.124,0.133,0.121,0.127,0.127,0.127,0.125]
    [0.90,0.89,0.97,0.105,0.107,0.107,0.111,0.112,0.107,0.111,0.115,0.114,0.115,0.123,0.112,0.117,0.114,0.115,0.123,0.130,0.125,0.120,0.120,0.126,0.121,0.131,0.117,0.127,0.116,0.122,0.133,0.120,0.120,0.124,0.124,0.127,0.125,0.136,0.123,0.127,0.128,0.129]
    [0.75,0.90,0.98,0.101,0.104,0.106,0.115,0.112,0.112,0.119,0.115,0.112,0.120,0.119,0.117,0.119,0.132,0.124,0.121,0.129,0.119,0.120,0.119,0.122,0.121,0.135,0.114,0.126,0.127,0.125,0.128,0.129,0.142,0.124,0.123,0.124,0.127,0.125,0.138,0.124,0.124]
    [0.84,0.97,0.101,0.104,0.108,0.112,0.108,0.112,0.114,0.116,0.117,0.116,0.125,0.117,0.127,0.139,0.110,0.119,0.119,0.127,0.122,0.121,0.132,0.123,0.126,0.123,0.129,0.132,0.132,0.140,0.123,0.120,0.129,0.133,0.130,0.133,0.134,0.126,0.125,0.125,0.126]
    [0.88,0.86,0.108,0.107,0.103,0.108,0.156,0.104,0.111,0.114,0.107,0.111,0.112,0.114,0.113,0.114,0.120,0.357,0.104,0.108,0.111,0.124,0.115,0.119,0.123,0.194,0.102,0.119,0.131,0.119,0.122,0.123,0.126,0.120,0.135,0.121,0.141,0.117,0.125,0.123]
    [0.130,0.174,0.448,0.77],
    [0],
    [0.123,0.122,0.135,0.141,0.137,0.134,0.130,0.133,0.136,0.128,0.140,0.137,0.143,0.133,0.145,0.138,0.137,0.132,0.140,0.161,0.140,0.152,0.156,0.768,0.125,0.136,0.153,0.166,0.169,0.151],
    [0.116,0.120,0.127,0.136,0.137,0.145,0.132,0.133,0.143,0.129,0.141,0.145,0.139,0.141,0.142,0.129,0.155,0.155,0.131,0.169,0.139,0.139,0.151,0.138,0.163,0.137,0.154,0.150,0.151,0.152,0.138,0.143,0.153,0.146,0.164],
    [0.122,0.126,0.129,0.140,0.138,0.137,0.142,0.123,0.140,0.137,0.123,0.133,0.138,0.134,0.150,0.133,0.136,0.155,0.139,0.130,0.141,0.129,0.145,0.137,0.159,0.138,0.138,0.156,0.149,0.138,0.142,0.128,0.156,0.146,0.191],
    [0.121,0.129,0.131,0.326,0.128,0.135,0.133,0.150,0.133,0.149,0.142,0.143,0.143,0.135,0.143,0.140,0.151,0.150,0.171,0.144,0.141,0.138,0.152,0.132,0.137,0.170,0.149,0.127,0.151,0.134,0.148,0.140,0.143],
    [0.120,0.134,0.134,0.131,0.144,0.136,0.140,0.138,0.147,0.129,0.146,0.140,0.136,0.138,0.137,0.128,0.143,0.139,0.144,0.141,0.131,0.164,0.135,0.147,0.130,0.142,0.130,0.133,0.147,0.154,0.140,0.140,0.151,0.149,0.172],
    [0.121,0.126,0.125,0.139,0.134,0.132,0.132,0.130,0.133,0.137,0.141,0.128,0.146,0.127,0.144,0.135,0.129,0.129,0.125,0.134,0.142,0.118,0.165,0.137,0.132,0.123,0.138,0.140,0.137,0.128,0.147,0.127,0.161,0.141,0.124,0.116,0.144],
    [0.120,0.135,0.157,0.129,0.141,0.128,0.135,0.131,0.132,0.134,0.122,0.132,2.345,0.117,0.121,0.128,0.133,0.131,0.145,0.141,0.126],
    [0],
    [0.98,0.110,0.100,0.128,0.129,0.136,0.127,0.143,0.135,0.127,0.148,0.155,0.147,0.149,0.151,0.139,0.140,0.146,0.143,0.134,0.131,0.135,0.144,0.149,0.135,0.144,0.154,0.133,0.145,0.136,0.149,0.126,0.147,0.138,0.133,0.126],
    [0.102,0.117,0.110,0.126,0.134,0.136,0.142,0.141,0.133,0.119,0.149,0.146,0.143,0.137,0.137,0.145,0.133,0.128,0.133,0.143,0.132,0.155,0.128,0.137,0.133,0.138,0.136,0.156,0.147,0.136,0.145,0.136,0.150,0.147,0.137,0.148],
    [0.111,0.105,0.104,0.136,0.125,0.134,0.140,0.705,0.103,0.91,0.113,0.120,0.126,0.135,0.132,0.140,0.148,0.153,0.147,0.134,0.130,0.138,0.138,0.169,0.140,0.133,0.132,0.136,0.143,0.136,0.138,0.141,0.138],
    [0.108,0.103,0.123,0.115,0.125,0.129,0.128,0.137,0.132,0.134,0.138,0.132,0.136,0.135,0.128,0.129,0.138,0.134,0.149,0.137,0.135,0.133,0.132,0.143,0.144,0.141,0.135,0.133,0.152,0.145,0.143,0.150,0.143,0.140,0.133,0.156,0.143],
    [0.94,0.125,0.111,0.131,0.123,0.127,0.124,0.136,0.142,0.129,0.138,0.137,0.137,0.134,0.133,0.135,0.164,0.124,0.142,0.134,0.130,0.141,0.136,0.139,0.138,0.138,0.153,0.132,0.136,0.142,0.139,0.139,0.138,0.135,0.133,0.140,0.133],
    [0.94,0.108,0.104,0.111,0.123,0.130,0.136,0.130,0.132,0.130,0.142,0.131,0.138,0.148,0.136,0.139,0.132,0.131,0.143,0.136,0.128,0.142,0.145,0.155,0.132,0.144,0.136,0.145,0.130,0.138,0.143,0.134,0.154,0.132,0.134,0.123,0.137],
    [0.91,0.111,0.111,0.120,0.135,0.124,0.127,0.133,0.134,0.132,0.135,0.133,0.136,0.133,0.124,0.133,0.138,0.128,0.133,0.141,0.145,0.105,0.130,0.130,0.131,0.130,0.128,0.148,0.136,0.137,0.126,0.135,0.135,0.136,0.157,0.134,0.126,0.126],
    [0.90,0.96,0.106,0.116,0.117,0.129,0.120,0.393,0.130,0.118,0.130,0.457,0.119,0.113,0.117,0.118,0.135,0.126,0.126,0.121,0.125,0.130,0.132,0.128,0.145,0.131,0.118,0.133,0.132,0.131,0.139,0.136,0.129,0.142,0.140],
    [0.106,0.101,0.115,0.120,0.134,0.119,0.137,0.133,0.131,0.132,0.138,0.134,0.130,0.132,0.135,0.123,0.124,0.134,0.125,0.124,0.126,0.114,0.126,0.131,0.121,0.136,0.135,0.129,0.127,0.135,0.133,0.129,0.357,0.129,0.127,0.133,0.138],
    [0],
    [0.111,0.114,0.116,0.117,0.117,0.123,0.125,0.131,0.135,0.140,0.130,0.139,0.149,0.144,0.139,0.144,0.144,0.151,0.156,0.148,0.144,0.153,0.148,0.147,0.173,0.155,0.151,0.151,0.158,0.169,0.148,0.148,0.150,0.149,0.146],
    [0.113,0.119,0.122,0.126,0.134,0.141,0.141,0.148,0.147,0.176,0.151,0.150,0.170,0.203,0.138,0.154,0.149,0.147,0.175,0.150,0.147,0.150,0.151,0.155,0.173,0.151,0.150,0.153,0.150,0.165,0.143,0.155,0.149],
    [0.128,0.105,0.121,0.119,0.128,0.127,0.131,0.132,0.135,0.137,0.138,0.145,0.151,0.139,0.135,0.143,0.142,0.145,0.165,0.144,0.149,0.149,0.145,0.157,0.160,0.146,0.163,0.191,0.152,0.171,0.139,0.153,0.143,0.150],
    [0.93,0.110,0.118,0.142,0.129,0.135,0.139,0.144,0.587,0.129,0.117,0.134,0.135,0.137,0.148,0.144,0.141,0.142,0.139,0.142,0.141,0.155,0.137,0.144,0.140,0.147,0.149,0.137,0.140,0.145,0.150,0.138,0.142],
    [0.103,0.111,0.112,0.116,0.122,0.122,0.125,0.128,0.134,0.131,0.132,0.134,0.132,0.131,0.131,0.145,0.126,0.136,0.135,0.136,0.137,0.141,0.155,0.134,0.141,0.139,0.143,0.153,0.139,0.158,0.171,0.143,0.150,0.129,0.150,0.146],
    [0.90,0.100,0.108,0.115,0.113,0.128,0.124,0.124,0.126,0.125,0.128,0.127,0.131,0.131,0.139,0.127,0.132,0.130,0.131,0.139,0.151,0.136,0.136,0.164,0.132,0.144,0.137,0.144,0.141,0.141,0.155,0.167,0.137,0.147,0.136,0.158,0.143],
    [0.99,0.107,0.115,0.119,0.123,0.124,0.127,0.128,0.132,0.129,0.133,0.132,0.132,0.138,0.132,0.139,0.130,0.136,0.134,0.138,0.138,0.139,0.152,0.137,0.134,0.140,0.142,0.139,0.142,0.152,0.140,0.144,0.143,0.141,0.146,0.162,0.138],
    [0.101,0.109,0.118,0.118,0.117,0.128,0.126,0.129,0.132,0.136,0.137,0.133,0.137,0.129,0.148,0.138,0.135,0.144,0.139,0.142,0.145,0.137,0.153,0.139,0.140,0.142,0.144,0.143,0.141,0.141,0.159,0.140,0.140,0.146,0.144,0.145],
    [0.100,0.100,0.107,0.118,0.117,0.119,0.127,0.125,0.123,0.125,0.125,0.135,0.128,0.130,0.128,0.131,0.138,0.140,0.127,0.132,0.133,0.136,0.138,0.152,0.132,0.144,0.140,0.144,0.143,0.145,0.148,0.145,0.168,0.142,0.148,0.148,0.151],
    [0.107,0.109,0.117,0.121,0.124,0.125,0.131,0.126,0.131,0.130,0.139,0.127,0.129,0.129,0.143,0.133,0.139,0.135,0.140,0.151,0.135,0.137,0.140,0.134,0.138,0.130,0.136,0.137,0.144,0.138,0.156,0.135,0.140,0.142,0.141,0.140,0.138],  
    [0.94,0.101,0.105,0.107,0.582,0.86,0.381,0.99,0.101,0.111,0.112,0.108,0.116,0.122,0.119,0.110,0.109,0.112,0.111,0.112,0.113,0.398,0.103,0.104,0.115,0.116,0.119,0.129,0.109,0.113,0.112,0.117,0.120,0.117,0.134]
    [0.95,0.95,0.104,0.104,0.111,0.112,0.113,0.426,0.100,0.93,0.111,0.105,0.124,0.108,0.108,0.113,0.112,0.119,0.121,0.110,0.119,0.140,0.105,0.129,0.111,0.141,0.119,0.125,0.112,0.120,0.332,0.94,0.115,0.111,0.117,0.119,0.116,0.113,0.138]
    [0.92,0.88,0.93,0.97,0.107,0.109,0.114,0.111,0.113,0.112,0.135,0.99,0.116,0.109,0.117,0.126,0.109,0.111,0.116,0.115,0.119,0.120,0.114,0.143,0.106,0.123,0.112,0.122,0.233,0.125,0.130]
    [0.94,0.98,0.116,0.117,0.115,0.123,0.119,0.114,0.115,0.1527,0.121,0.120,0.108,0.118,0.116,0.121,0.118,0.122,0.117,0.123,0.283,0.124,0.245,0.121,0.109,0.121,0.127,0.121]
    [0.92,0.94,0.104,0.110,0.120,0.119,0.113,0.119,0.122,0.105,0.114,0.120,0.320,0.111,0.95,0.123,0.111,0.144,0.95,0.121,0.218,0.118,0.128,0.251,0.111,0.108,0.109,0.106,0.103,0.113,0.109,0.125,0.314,0.112,0.102,0.113,0.126,0.107]
    [0.95,0.105,0.103,0.1033,0.112,0.104,0.126,0.140,0.107,0.127,0.129,0.122,0.118,0.125,0.102,0.127,0.110,0.133,0.119,0.130,0.117,0.130,0.125,0.98,0.140,0.494,0.117,0.106,0.118,0.111,0.120]
    [0.94,0.97,0.92,0.108,0.112,0.118,0.118,0.112,0.116,0.110,0.118,0.128,0.123,0.611,0.118,0.105,0.116,0.127,0.109,0.126,0.110,0.130,0.128,0.111,0.117,0.125,0.133,0.338,0.104,0.119,0.112,0.116,0.122,0.120,0.121,0.116,0.112]
    [0]
    [0.99,0.1735,0.91,0.97,0.98,0.132,0.95,0.380,0.604,0.100,0.118]
    [0.97,0.103,0.113,0.133,0.92,0.574,0.111,0.126,0.87,0.131,0.93,0.122,0.115,0.106,0.120,0.118,0.118,0.120,0.120,0.144,0.110,0.125,0.128,0.112,0.126,0.116,0.121,0.122,0.111,0.123,0.170,0.269,0.113,0.115,0.122,0.135,0.127]
    [0.115,0.128,0.132,0.134,0.130,0.131,0.125,0.131,0.135,0.121,0.134,0.131,0.137,0.133,0.126,0.126,0.125,0.134,0.136,0.125,0.138,0.147,0.126,0.136,0.137,0.125,0.143,0.138,0.137,0.134,0.145,0.135,0.138,0.147,0.152,0.142,0.127],
    [0.116,0.128,0.128,0.132,0.134,0.128,0.138,0.136,0.127,0.139,0.131,0.131,0.132,0.136,0.131,0.138,0.131,0.145,0.145,0.120,0.150,0.148,0.144,0.129,0.140,0.128,0.143,0.131,0.166,0.143,0.157,0.145,0.131,0.142,0.142,0.140],
    [0.124,0.125,0.130,0.131,0.131,0.130,0.129,0.133,0.130,0.128,0.135,0.128,0.127,0.133,0.132,0.147,0.131,0.128,0.133,0.134,0.130,0.139,0.137,0.138,0.143,0.133,0.131,0.138,0.141,0.153,0.130,0.133,0.135,0.125,0.144,0.144,0.154],
    [0],
    [0],
    [0],
    [0],
    [0.139,0.174,0.120,0.174,0.118,0.138,0.128,0.132,0.137,0.128,0.153,0.125,0.130,0.121,0.128,0.124,0.129,0.123,0.134,0.145,0.117,0.128,0.129,0.122,0.131,0.145,0.119,0.123,0.128,0.149,0.131,0.130,0.131,0.151,0.128,0.135,0.132],
    [0.136,0.133,0.131,0.128,0.134,0.132,0.138,0.128,0.128,0.129,0.123,0.125,0.389,0.345,0.429,0.563,0.117,0.153,0.144,0.140,0.135,0.140,0.134,0.150,0.161,0.292],
    [0.135,0.133,0.358,0.142,0.120,0.152,0.143,0.153,0.142,0.148,0.151,0.142,0.148,0.137,0.142,0.145,0.147,0.154,0.143,0.187,0.125,0.145,0.173,0.132,0.147,0.138,0.140,0.138,0.137,0.125,0.150,0.140,0.140],
    [0.105,0.106,0.118,0.131,0.107,0.135],
    [0],
    [0],
    [0.116,0.122,0.125,0.134,0.133,0.139,0.140,2.656,0.110,0.122,0.121,0.117,0.140,0.140,0.128,0.129,0.141,0.147,0.138],
    [0.104,0.108,0.112,0.129,0.131],
    [0.103,0.106,0.118,0.122,0.119,0.114,0.118,0.117,0.107],
    [0],
    [0.103,0.119,0.115,0.127,0.109,0.120,0.117,0.119,0.345,0.140,0.104,0.122,0.126,0.125,0.115,0.116,0.127,0.115,0.128,0.117,0.116,0.120,0.119,0.121,0.142,0.113,0.129,0.122,0.127,0.137,0.148,0.616,0.117,0.153],
    [0],
    [0],
    [0.108,0.103,0.119,0.117,0.122,0.121,0.127,0.128,0.127,0.130,0.129,0.128,0.145,0.123,0.128,0.127,0.136,0.132,0.136,0.142,0.133,0.133,0.134,0.131,0.135,0.132,0.149,0.135,0.135,0.135,0.138,0.135,0.142,0.136,0.145,0.152,0.136],
    [0.102,0.107,0.109,0.121,0.117,0.121,0.129,0.117,0.128,0.126,0.126,0.130,0.140,0.120,0.116,0.137,0.126,0.134,0.134,0.127,0.153,0.125,0.131,0.136,0.138,0.132,0.135,0.137,0.152,0.125,0.137,0.133,0.141,0.134,0.141,0.156,0.126,0.139],
    [0.100,0.114,0.116,0.122,0.122,0.128,0.127,0.130,0.124,0.126,0.130,0.131,0.129,0.138,0.124,0.128,0.137,0.132,0.135,0.139,0.152,0.130,0.136,0.137,0.132,0.136,0.139,0.137,0.152,0.132,0.135,0.141,0.136,0.137,0.140,0.151,0.139],
    [0.93,0.102,0.109,0.118,0.119,0.119,0.123,0.122,0.126,0.122,0.127,0.124,0.135,0.120,0.124,0.130,0.128,0.128,0.127,0.142,0.123,0.129,0.130,0.125,0.135,0.128,0.135,0.128,0.145,0.130,0.130,0.137,0.131,0.130,0.138,0.134,0.273,0.125],
    [0.108,0.110,0.118,0.120,0.120,0.126,0.124,0.134,0.123,0.124,0.120,0.129,0.128,0.119,0.133,0.132,0.133,0.129,0.126,0.128,0.133,0.125,0.132,0.261,0.106,0.131,0.127,0.132,0.132,0.407,0.117,0.133,0.125,0.126,0.148,0.128],
    [0.108,0.106,0.114,0.120,0.117,0.606,0.96,0.110,0.115,0.124],
    [0.110,0.128,0.131,0.126,0.159,0.129,0.104,0.138,0.113,0.116,0.108,0.115,0.125,0.121,0.128,0.119,0.125,0.131,0.664,0.109,0.111,0.116,0.122,0.120,0.386,0.122,0.119,0.495,0.118,0.115,0.120],
    [0.121,0.114,0.103,0.118,0.104,0.116,0.110,0.120,0.112,0.122,0.461,0.114,0.116,0.683,0.98,0.119,0.114,0.123,0.124,0.142,0.118,0.124,0.123,0.125],
    [0.126,0.116,0.513,0.107,0.115,0.115],
    [0.120,0.123,0.116,0.143,0.125,0.129,0.140,0.533,0.562,0.754,0.124,0.143,0.114,0.130,0.128,0.128,0.139,0.124,0.127,0.154,0.125,0.135,0.117,0.122,0.132,0.125],
    [0.97,0.92,0.91,0.91,0.101,0.99,0.110,0.110,0.107,0.114,0.114,0.362,0.115,0.122,0.117,0.109,0.110,0.108,0.128,0.117,0.118,0.120,0.118,0.124,0.139,0.128,0.118,0.125,0.127,0.118,0.131,0.123,0.124,0.269,0.130,0.117,0.128,0.143,0.124]
    [0.95,0.95,0.115,0.653,0.101,0.137,0.103,0.106,0.117,0.115,0.116,0.122,0.125,0.111,0.123,0.123,0.123,0.131,0.126,0.107,0.120,0.117,0.128,0.121,0.105,0.125,0.123,0.132,0.142,0.329,0.119,0.98,0.116,0.129,0.115,0.116]
    [0.100,0.102,0.112,0.115,0.146,0.861,0.660,0.91,0.115,0.106,0.119,0.123,0.116,0.121,0.121,0.665,0.84,0.111,0.100,0.111,0.101,0.527,0.94,0.102]
    [0.103,0.96,0.108,0.104,0.125,0.104,0.119,0.118,0.125,0.122,0.131,0.110,0.123,0.113,0.122,0.133,0.103,0.118,0.116,0.123,0.138,0.124,0.108,0.133,0.111,0.501,0.85,0.116,0.128,0.103,0.117,0.103,0.119,0.119,0.117,0.120,0.124,0.129,0.130]
    [0]
    [0.105,0.87,0.99,0.109,0.108,0.113,0.113,0.107,0.114,0.112,0.105,0.111,0.108,0.110,0.126,0.106,0.130,0.457,0.100,0.99,0.111,0.113,0.123,0.252,0.126,0.117,0.104,0.113,0.123,0.391,0.133,0.90,0.145,0.135,0.122,0.127,0.107]
    [0]
    [0.96,0.97,0.104,0.111,0.114,0.137,0.129,0.561,0.114,0.101,0.112,0.106,0.114,0.115,0.109,0.122,0.129,0.119,0.124,0.117,0.114,0.123,0.130,0.126,0.120,0.128,0.120,0.111,0.121,0.166,0.97,0.129,0.115,0.121,0.124,0.118,0.117,0.127]
    [0.124,0.93,0.105,0.95,3.322,0.99,0.108,0.101,0.124,0.114,0.124,0.139,0.127,0.131,0.126]
    [0]
    [0],
    [0],
    [0.128,0.294,0.119,0.305,0.117,0.157,0.179,0.129,0.146,0.152,0.147,0.150,0.153,0.145,0.176,0.372,0.112,0.132,0.125,0.132,0.134,0.125,0.158,0.126,0.130,0.122,0.133,0.128,0.134,0.149,0.128,0.151],
    [0.129,0.138,0.142,0.332,0.122,0.126,0.126,0.117,0.146,0.136,0.119,0.133,0.120,0.147,0.123,0.135,0.125,0.127,0.131,0.124,0.126,0.129,0.142,0.122,0.125,0.152,0.125,0.137,0.131,0.133,0.139,0.153,0.137,0.132,0.134,0.134],
    [0],
    [0.125,0.131,0.131,0.120,0.144,0.144,0.139,0.127,0.144,0.156,0.123,0.132,0.136,0.138,0.129,0.128,0.124,0.126,0.145,0.125,0.151,0.114,0.130,0.134,0.127,0.136,0.133,0.151,0.122,0.126,0.136,0.167,0.130,0.127,0.133,0.133,0.131],
    [0.134,0.149,0.121,0.151,0.117,0.143,1.212,0.124,0.124,0.120,0.138,0.133,0.135,0.123,0.132,0.149,0.124,0.139,0.132,0.130,0.130,0.133,0.138,0.131,0.150,0.135,0.129,0.128,0.126],
    [0.139,0.143,0.477,0.131,0.125,0.133,0.133,0.128,0.122,0.127,0.124,0.133,0.121,0.134,0.138,0.135,0.134,0.145,0.141,0.111,0.123,0.127,0.131,0.129,0.139,0.130,0.264,0.143,0.141,0.138,0.135,0.150,0.137],
    [0],
    [0]
    [0],
    [0],
    [0.126,0.115,0.121,0.120,0.113,0.122],
    [0.119],
    [0],
    [0.112,0.118,0.127,0.122,0.122,0.131,0.127,0.129,0.127,0.123,0.113,0.131,0.121,0.116,0.124,0.132,0.127,0.121,0.120,0.132,0.117,0.146,0.121,0.117,0.123,0.130,0.139,0.125,0.119,0.134,0.119,0.132,0.145,0.114,0.128],
    [0.102,0.110,0.115,0.129,0.120,0.113,0.126,0.115,0.128,0.125,0.122,0.134,0.123,0.273],
    [0],
    [0],
    [0.138,0.121,0.140,0.141,0.134,0.138,0.395,0.118,0.125,0.141,0.124,0.139,0.138,0.117,0.130,0.124,0.130,0.137,0.126,0.144,0.603,0.122,0.108,0.143,0.113,0.124,0.123,0.131,0.141,0.114,0.139,0.170]
    [0.111,0.122,0.129,0.227,0.136,0.131,0.110,0.141,0.872,0.96,0.117,0.117,0.122,0.123,0.125,0.124,0.129,0.117,0.132,0.133,0.114,0.137,0.123,0.149,0.109,0.133,0.133,0.127,0.108,0.408,0.129],
    [0.115,0.97,0.115,0.119,0.114,0.123,0.347,0.120,0.121,0.113,0.111,0.128,0.119,0.449,0.113,0.128,0.117,0.136,0.119,0.138,0.234,0.124,0.132,0.120,0.127,1.194,0.113],
    [0.109,0.117,0.120,0.127,0.228,0.237,0.131,0.111,0.134,0.124,0.371,0.129,0.134,0.131,0.872,0.111,0.125,0.121,0.134,0.139,0.145,0.129,0.134,0.141,0.124,0.267,0.291],
    [0.104,0.110,0.116,0.119,0.139,1.130,0.111,0.108,0.125,0.120,0.132,0.266,0.266,0.110,0.135,0.128,0.137,0.543,0.116,0.120,0.126],
    [0],
    [0],
    [0.115,0.124,0.119,0.236,0.133,0.126,0.123,0.359,0.120,0.126,0.121,0.129,0.269,0.129,0.147,0.113,0.122,0.139,0.140,0.121,0.149,0.116,0.168,0.136,0.117,0.247,0.131,0.142,0.107,0.146,0.121],
    [0],
    [0],
    [0]
condition_4 = [
    [0.93,0.84,0.99,0.106,0.109,0.108,0.109,0.116,0.112,0.111,0.115,0.114,0.114,0.115,0.126,0.112,0.117,0.121,0.119,0.119,0.121,0.120,0.138,0.115,0.118,0.120,0.123,0.121,0.123,0.124,0.140,0.116,0.121,0.125,0.130,0.128,0.132,0.135,0.120,0.132,0.129,0.121],
    [0.93,0.92,0.101,0.98,0.113,0.109,0.109,0.108,0.110,0.111,0.110,0.112,0.116,0.120,0.118,0.121,0.125,0.113,0.121,0.131,0.127,0.121,0.121,0.135,0.115,0.120,0.124,0.125,0.128,0.133,0.153,0.115,0.140,0.130,0.125,0.126,0.136,0.125,0.122,0.123,0.125],
    [0.84,0.97,0.92,0.98,0.109,0.113,0.111,0.117,0.116,0.116,0.115,0.115,0.112,0.116,0.116,0.120,0.127,0.116,0.120,0.118,0.119,0.123,0.138,0.118,0.123,0.127,0.125,0.132,0.141,0.150,0.150,0.134,0.125,0.136,0.131,0.143,0.139,0.139,0.147,0.133],
    [0.89,0.95,0.98,0.102,0.104,0.107,0.105,0.114,0.113,0.114,0.115,0.114,0.130,0.117,0.116,0.122,0.122,0.117,0.120,0.122,0.119,0.124,0.124,0.119,0.121,0.135,0.117,0.126,0.125,0.119,0.117,0.124,0.135,0.119,0.121,0.126,0.128,0.134,0.121,0.127,0.124,0.123],
    [0.88,0.95,0.96,0.102,0.110,0.110,0.112,0.105,0.114,0.114,0.115,0.111,0.115,0.124,0.111,0.118,0.114,0.117,0.116,0.120,0.121,0.126,0.122,0.120,0.120,0.121,0.139,0.113,0.123,0.120,0.121,0.128,0.137,0.118,0.124,0.121,0.129,0.123,0.133,0.117,0.121,0.123],
    [0.87,0.85,0.92,0.101,0.106,0.107,0.109,0.113,0.115,0.124,0.123,0.118,0.117,0.115,0.113,0.115,0.115,0.116,0.133,0.111,0.119,0.117,0.119,0.120,0.134,0.134,0.128,0.121,0.125,0.128,0.135,0.122,0.121,0.121,0.125,0.125,0.135,0.118,0.120,0.120,0.123,0.133],
    [0.90,0.88,0.92,0.102,0.113,0.111,0.110,0.112,0.106,0.123,0.109,0.115,0.116,0.115,0.118,0.119,0.120,0.128,0.115,0.116,0.119,0.120,0.126,0.122,0.138,0.119,0.128,0.133,0.129,0.124,0.146,0.115,0.126,0.123,0.122,0.158,0.160,0.128,0.127,0.126,0.123],
    [0.80,0.89,0.91,0.105,0.106,0.108,0.115,0.119,0.111,0.110,0.114,0.116,0.123,0.117,0.122,0.127,0.118,0.124,0.120,0.121,0.131,0.117,0.126,0.124,0.138,0.120,0.131,0.140,0.123,0.124,0.129,0.130,0.127,0.130,0.119,0.124,0.127,0.128,0.126,0.126,0.135],
    [0.86,0.92,0.91,0.102,0.108,0.108,0.110,0.419,0.99,0.98,0.104,0.689,0.101,0.120,0.129,0.109,0.121,0.129,0.487,0.96,0.116,0.119,0.336,0.99,0.115,0.113,0.123,0.114,0.364,0.101],
    [0.94,0.95,0.90,0.108,0.102],
    [0.131,0.286,0.452,0.658,0.282,0.131,0.173,0.136,0.141,0.150,0.147,0.171,0.148,0.153,0.156,0.161,0.157,0.160,0.161,0.181,0.173,0.548,0.126],
    [0.377,0.134,0.129,0.134,0.139,0.121,0.131,0.138,0.145,0.132,0.136,0.139,0.134,0.157,0.135,0.130,0.142,0.160,0.133,0.140,0.140,0.147,0.144,0.150,0.153,0.143,0.130,0.188,0.144,0.143,0.175,0.126,0.155],
    [0.128,0.138,0.202,0.138,0.147,0.148,0.147,0.161,0.156,0.136,0.147,0.165,0.150,0.156,0.139,0.159,0.146,0.155,0.156,0.181,0.149,0.160,0.232,0.133,0.146,0.162,0.149,0.162,0.146,0.166,0.163,0.145],
    [0.123,0.126,0.144,0.131,0.135,0.121,0.138,0.137,0.127,0.133,0.123,0.139,0.126,0.141,0.127,0.128,0.151,0.137,0.128,0.138,0.138,0.128,0.149,0.144,0.131,0.142,0.140,0.131,0.157,0.137,0.134,0.127,0.149,0.144,0.139,0.149],
    [0.122],
    [0.124],
    [0.120,0.128,0.149,0.343,0.106,0.127,0.128,0.120,0.130,0.132,0.124,0.117,0.134,0.131,0.137,0.127,0.123,0.118,0.121,0.129,0.128,0.138,0.126,0.122,0.127,0.129,0.128,0.145,0.153,0.205,0.164,0.413,0.124,0.129],
    [0.146,0.162,0.99,0.130,0.135,0.151,0.138,0.141,0.134,0.134,0.135,0.134,0.139,0.122,0.130,0.134,0.134,0.133,0.133,0.133,0.314,0.117,0.146,0.148,0.157,0.154,0.143,0.150,0.312,0.147,0.148,0.148,0.158],
    [0.138,0.182,0.117,0.145,0.148,0.140,0.137,0.144,0.128,0.130,0.129,0.140,0.134,0.148,0.134,0.139,0.139],
    [0.117,0.128,0.135,0.137,0.131,0.130,0.144,0.233,0.128,0.129,0.139,0.139,0.136,0.133,0.131,0.146,0.130,0.133,0.134,0.137,0.131,0.132,0.138,0.134,0.150,0.136,0.131,0.137,0.130,0.146,0.140,0.138,0.154,0.142,0.130,0.148],
    [0.98,0.108,0.110,0.117,0.490,0.123,0.116,0.124,0.130,0.125,0.135,0.129,0.131,0.137,0.158,0.130,0.138,0.130,0.134,0.138,0.151,0.134,0.140,0.128,0.150,0.126,0.147,0.139,0.135,0.138,0.128,0.145,0.139,0.135,0.141],
    [0.119,0.135,0.139,0.127,0.142,0.136,0.139,0.139,0.138,0.137,0.140,0.141,0.139,0.142,0.147,0.135,0.134,0.162,0.122,0.136,0.145,0.147,0.141,0.157,0.143,0.136,0.137,0.146,0.153,0.137,0.156,0.133,0.131,0.132,0.149],
    [0.95,0.121,0.113,0.129,0.136,0.130,0.137,0.138,0.141,0.142,0.142,0.146,0.139,0.148,0.143,0.142,0.135,0.136,0.139,0.136,0.144,0.140,0.137,0.157,0.121,0.140,0.144,0.117,0.143,0.148,0.140,0.138,0.148,0.145,0.151,0.140],
    [0.96,0.116,0.114,0.126,0.129,0.119,0.128,0.137,0.132,0.134,0.133,0.125,0.141,0.132,0.137,0.158,0.136,0.133,0.133,0.145,0.132,0.133,0.135,0.152,0.131,0.140,0.127,0.133,0.144,0.126,0.149,0.139,0.137,0.420,0.115],
    [0.110,0.98,0.113,0.119,0.121,0.119,0.128,0.118,0.126,0.128,0.124,0.133,0.125,0.127,0.122,0.138,0.128,0.133,0.118,0.136,0.127,0.120,0.133,0.140,0.128,0.136,0.119,0.139,0.129,0.131,0.144,0.133,0.161,0.121,0.119,0.140,0.141,0.134,0.107],
    [0.118,0.113,0.115,0.110,0.116],
    [0.93,0.108,0.123,0.119,0.118,0.118,0.123,0.119],
    [0],
    [0.105,0.116,0.113,0.122,0.130,0.125,0.115,0.136,0.116,0.129,0.121,0.124,0.115,0.131,0.127,0.115,0.127,0.114,0.119,0.125,0.122,0.133,0.119,0.138,0.121,0.129,0.128,0.134,0.123,0.125,0.135],
    [0.104,0.115,0.125,0.128,0.130,0.137,0.138,0.127,0.137,0.129,0.129,0.140,0.119,0.132,0.152,0.120,0.131,0.130,0.128,0.135,0.111,0.135,0.124,0.136,0.120,0.121,0.148,0.120,0.653,0.93,0.126,0.142,0.124,0.130],
    [0.104,0.97,0.115,0.117,0.121,0.128,0.129,0.132,0.131,0.136,0.132,0.147,0.134,0.139,0.143,0.145,0.142,0.143,0.155,0.147,0.148,0.148,0.147,0.150,0.147,0.151,0.153,0.148,0.145,0.146,0.158,0.173,0.153,0.151,0.153],
    [0.112,0.111,0.101,0.114,0.118,0.127,0.130,0.130,0.135,0.164,0.139,0.132,0.142,0.137,0.138,0.140,0.141,0.155,0.134,0.140,0.137,0.141,0.149,0.151,0.149,0.146,0.144,0.143,0.156,0.143,0.141,0.140,0.148,0.145,0.172,0.136],
    [0.98,0.109,0.108,0.116,0.122,0.128,0.131,0.133,0.137,0.136,0.141,0.135,0.135,0.131,0.134,0.142,0.141,0.145,0.141,0.143,0.149,0.150,0.166,0.167,0.144,0.149,0.143,0.145,0.144,0.163,0.140,0.148,0.146,0.154,0.148],
    [0.101,0.105,0.112,0.121,0.117,0.128,0.127,0.125,0.130,0.139,0.134,0.132,0.132,0.128,0.134,0.144,0.135,0.137,0.133,0.139,0.135,0.147,0.136,0.133,0.135,0.138,0.139,0.150,0.131,0.138,0.135,0.142,0.137,0.145,0.157,0.140,0.146],
    [0.95,0.101,0.108,0.115,0.118,0.124,0.125,0.123,0.136,0.131,0.129,0.130,0.132,0.128,0.131,0.127,0.129,0.138,0.131,0.124,0.134,0.126,0.135,0.143,0.136,0.132,0.133,0.139,0.141,0.140,0.152,0.135,0.137,0.141,0.136,0.138,0.146,0.143],
    [0.96,0.104,0.108,0.116,0.118,0.125,0.139,0.131,0.133,0.143,0.145,0.140,0.144,0.143,0.144,0.139,0.149,0.135,0.140,0.133,0.142,0.139,0.143,0.136,0.157,0.134,0.142,0.139,0.140,0.154,0.133,0.157,0.133,0.135,0.135,0.134],
    [0.102,0.116,0.118,0.131,0.124,0.121,0.133,0.123,0.127,0.131,0.140,0.133,0.127,0.132,0.130,0.131,0.147,0.134,0.135,0.132,0.141,0.140,0.145,0.141,0.134,0.138,0.135,0.143,0.152,0.137,0.134,0.142,0.138,0.142,0.150,0.143,0.132],
    [0.112,0.115,0.117,0.117,0.131,0.120,0.126,0.128,0.129,0.132,0.132,0.133,0.131,0.135,0.146,0.133,0.130,0.133,0.141,0.137,0.143,0.134,0.142,0.140,0.151,0.136,0.143,0.142,0.143,0.146,0.157,0.147,0.144,0.144,0.145,0.151],
    [0.117,0.111,0.121,0.118,0.126,0.123,0.128,0.123,0.130,0.133,0.137,0.131,0.128,0.129,0.135,0.135,0.145,0.131,0.139,0.132,0.132,0.143,0.138,0.142,0.147,0.146,0.136,0.135,0.143,0.142,0.140,0.154,0.138,0.136,0.139,0.135,0.139],
    [0.104,0.106,0.110,0.121,0.128,0.123,0.124,0.119,0.128,0.125,0.124,0.137,0.138,0.129,0.124,0.134,0.135,0.131,0.137,0.125,0.134,0.131,0.134,0.134,0.155,0.123,0.134,0.140,0.138,0.143,0.139,0.152,0.141,0.144,0.173],
    [0.96,0.1100,0.95,0.98,0.99,0.118,0.111,0.124,0.105,0.132,0.134,0.94,0.1612,0.135,0.105,0.90,0.107],
    [0.89,4.630,0.83,0.99],
    [0.101,0.97,0.107,0.110,0.222,0.97,0.876,0.113,0.112,0.107,0.241,0.131,0.1095,0.98,0.105,0.115,0.132,0.101,0.479,0.94,0.118,0.105,0.132],
    [0.103,0.90,0.134,2.352,0.107,0.101,0.1190,0.101,0.105,0.116,0.105,0.114,0.112,0.125,0.130],
    [0.124,0.105,2.821,0.93,0.103,0.112,0.127,0.101,0.130,0.128,0.124,0.122,0.119,0.116,0.123,0.120,0.133],
    [0],
    [0.186,0.92,0.100,0.110,0.420,0.262,0.106,0.106,0.117,0.123,0.336,0.126,0.96,0.224,0.129,0.118,0.121,0.126,0.123,0.161,0.91,0.133,0.116,0.124,0.121,0.113,0.122,0.125,0.129,0.115,0.115,0.121,0.136,0.118,0.115],
    [0],
    [0.97,0.97,0.99,0.113,0.121,0.97,0.120,0.109,0.118,0.124,0.115,0.121,0.116,0.126,0.114,0.126,0.119,0.124,0.131,0.114,0.114,0.125,0.121,0.130,0.124,0.146,0.108,0.121,0.115,0.123,0.128,0.126,0.127,0.146,0.109,0.124,0.123,0.117,0.125,0.130,0.127],
    [0.111,0.105,0.131,0.86,0.1045,0.118,0.109,0.112,0.256,0.245,0.882,0.118,0.120,0.142,0.146,0.125,0.158,0.130,0.134,0.132,0.120,0.130,0.133,0.163],
    [0.133,0.136,0.142,0.144,0.146,0.149,0.130,0.412,0.110,0.113,0.116,0.146,0.129,0.120,0.130,0.127,0.136,0.125,0.134,0.124,0.158,0.128,0.139,0.124,0.134,0.137,0.132,0.140,0.156,0.131,0.137,0.142,0.143,0.133,0.136],
    [0.126,0.155,0.166,0.137,0.164,0.139,0.138,0.152,0.140,0.133,0.143,0.135,0.133,0.132,0.132,0.142,0.138,0.131,0.151,0.131,0.140,0.155,0.139,0.156,0.173,0.168,0.129,0.143,0.146,0.168,0.154,0.142,0.142,0.141],
    [0.121,0.137,0.133,0.135,0.128,0.129,0.139,0.125,0.129,0.126,0.136,0.128,0.284,0.128,0.163,0.132,0.133,0.128,0.127,0.154,0.104,0.142,0.138,0.131,0.169,0.127,0.140,0.139,0.134],
    [0.120,0.137],
    [0.454,0.140,0.135,0.289,0.133,0.133],
    [0.128,0.128,0.135,0.129,0.131,0.133,0.144,0.126,0.140,0.131,0.140,0.131,0.140,0.145,0.154,0.125,0.128,0.128,0.128,0.126,0.148,0.124,0.128,0.129,0.139,0.132,0.144,0.154,0.156,0.128,0.131,0.156,0.123,0.141,0.136,0.138],
    [0.114,0.126,0.128,0.129,0.117,0.118,0.132,0.117,0.127,0.120,0.129,0.130,0.117,0.119,0.133,0.128,0.139,0.171,0.117,0.130,0.127,0.133,0.128,0.141,0.131,0.131,0.152,0.127,0.125,0.140,0.118,0.145,0.153,0.135,0.139,0.132,0.136,0.152],
    [0.133,0.135],
    [0.146,0.97,0.1346,0.766,0.134,0.142,0.266,0.144,0.125,0.117,0.132,0.134,0.136,0.126,0.125,0.124,0.125,0.124,0.135,0.138,0.120,0.129,0.125],
    [0],
    [0.107,0.111,0.119,0.118,0.120,0.124,0.118,0.110,0.119,0.120,0.276],
    [0.119,0.110,0.125,0.123,0.127,0.112,0.199,0.117,0.116,0.115,0.124,0.126,0.131,0.116,0.116,0.118,0.126,0.509,0.131,0.126,0.135,0.121,0.144,0.101,0.131,0.126,0.135,0.125],
    [0],
    [0],
    [0],
    [0],
    [0],
    [0],
    [0.119,4.134,0.101,0.121,0.130,0.122,0.135,0.132],
    [0.103,0.110,0.118,0.119,0.132,0.120,0.144,0.112,0.144,0.128,0.124,0.118,0.114,0.119,0.119,0.124,0.115,0.135,0.124,0.122,0.124,0.118,0.135,0.115,0.129,0.118,0.121,0.126,0.122,0.121,0.130,0.140,0.114,0.123,0.117,0.116,0.125,0.126,0.128,0.132],
    [0.103,0.106,0.105,0.117,0.122,0.125,0.133,0.128,0.128,0.134,0.130,0.127,0.124,0.130,0.132,0.130,0.126,0.129,0.131,0.131,0.139,0.129,0.128,0.131,0.126,0.132,0.142,0.130,0.130,0.130,0.135,0.132,0.147,0.133,0.132,0.127,0.148,0.138],
    [0.113,0.144,0.112,0.118,0.128,0.127,0.128,0.132,0.134,0.141,0.132,0.135,0.135,0.131,0.131,0.131,0.139,0.137,1.526,0.101,0.109,0.115,0.121,0.124,0.129,0.134,0.135,0.136],
    [0.109,0.105,0.111,0.120,0.123,0.124,0.127,0.122,0.131,0.122,0.122,0.129,0.147,0.111,0.131,0.122,0.132,0.130,0.136,0.139,0.147,0.131,0.132,0.142,0.136,0.130,0.141,0.142,0.139,0.137,0.138,0.133,0.138,0.135,0.141,0.137,0.154,0.131],
    [0.105,0.108,0.108,0.115,0.117,0.120,0.125,0.135,0.125,0.125,0.133,0.128,0.125,0.128,0.135,0.141,0.122,0.131,0.127,0.125,0.133,0.133,0.130,0.130,0.127,0.146,0.126,0.220,0.129,0.125,0.149,0.117,0.130,0.128,0.134,0.132,0.135,0.141],
    [0.106,0.118,0.120,0.132,0.130,0.125,0.126,0.123,0.126,0.124,0.125,0.225,0.125,0.116,0.125,0.127,0.133,0.127,0.123,0.136,0.136,0.136,0.233,0.116,0.126,0.134,0.125,0.126,0.134,0.128,0.133,0.265,0.364,0.125,0.125],
    [0.106,0.109,0.110,0.106,0.122,0.116,0.125,0.125,0.121,0.123,0.129,0.758,0.107,0.108,0.118,0.123,0.133,0.296,1.166,0.140,0.107,0.122,0.133],
    [0.109,0.109,0.109,0.240],
    [0.344,0.120,0.114,0.125,0.127,0.130,0.121,0.131,0.253,0.113,0.117,0.118,0.131,0.119,0.128,0.128,0.146,0.129,0.121,0.124,0.124,0.125,0.139,0.128,0.534,0.123,0.119,0.147,0.126,0.123,0.133,0.130],
    [0.112,0.111,0.124,0.130,0.142,0.347,0.128,0.114,0.144,0.117,0.129,0.138,0.135,0.126,0.135,0.385,0.117,0.132,0.132,0.141,0.556,0.124,0.127,0.132,0.130,0.146,0.265,0.370],
    [0.118,0.115,0.327,0.131,0.119,0.137,0.356,0.126,0.121,0.135,0.126,0.116,0.114,0.142,0.129,0.130,0.148,0.120,0.136,0.124,0.135,0.123,1.125,0.133,0.145,0.113,0.139],
    [0.108,0.106],
    [0],
    [0.92,0.95,0.94,0.108,0.113,0.115,0.112,0.115,0.114,0.115,0.106,0.115,0.146,0.101,0.118,0.94,0.114,0.113,0.127,0.109,0.117,0.123,0.120,0.128,0.260,0.127,0.109,0.113,0.131,0.116,0.124,0.123,0.129,0.122,0.120,0.124,0.122,0.128,0.145,0.132,0.118],
    [0.98,0.93,0.113,0.113,0.114,0.470,0.85,0.101,0.112,0.110,0.118,0.379,0.104,0.100,0.117,0.118,0.122,0.571,0.94,0.103,0.109,0.297,0.117,0.105,0.290,0.116,0.109,0.120,0.113,0.266,0.114],
    [0],
    [0],
    [0],
    [0.93,0.96,0.101,0.100,0.111,0.103,0.115,0.112,0.114,0.106,0.119,0.303,0.119,0.107,0.113,0.326,0.111,0.109,0.124,0.142,0.377,0.104,0.104,0.120,0.120,0.118,0.117,0.122,0.124,0.126,0.128,0.323,0.128,0.104,0.125,0.130],
    [0.93,0.99,0.1038,0.225,0.273,0.83,0.90,0.104,0.109,0.161,0.97,0.111,0.112,0.125,0.127,0.118,0.132,0.122,0.121,0.251,0.112,0.121,0.124,0.125,0.125,0.126,0.128,0.147,0.119,0.129,0.118],
    [0.99,0.110,0.134,0.1038,0.96,0.103]
    [0],
    [0],
    [0.139,0.147],
    [0.125,0.129,0.138,0.122,0.137,0.123,0.120,0.113,0.126,0.118,0.120,0.119,0.123,0.120,0.138,0.116,0.119,0.127,0.121,0.124,0.134,0.128,0.156,0.116,0.122,0.127,0.130,0.134,0.130,0.134,0.158,0.122,0.140,0.131,0.132,0.133,0.133,0.145],
    [0],
    [0],
    [0.121,0.138],
    [0],
    [0],
    [0]
    [0.131,0.141,0.124,0.134,0.136,0.141,0.113,0.132,0.127,0.133,0.133,0.124,0.125,0.127,0.122,0.119,0.143,0.137,0.148,0.114,0.143,0.137,0.132,0.122,0.258,0.135,0.130,0.129,0.154,0.110,0.132,0.142,0.135,0.129,0.126],
    [0.149],
    [0],
    [0],
    [0],
    [0],
    [0],
    [0.982,0.888,0.29,1.285],
    [0],
    [0]
    [0.153,0.113,0.129],
    [0],
    [0],
    [0],
    [0],
    [0.135,0.116,0.153,0.104,0.147,0.128,0.149,0.106,0.146,0.130,0.399,0.146,0.133,0.502,0.150,0.117,0.148,0.263,0.294,0.148,0.146],
    [0],
    [0.129,0.128,0.137,1.783,0.116,0.130,0.131,0.140,0.140,0.261,0.143,0.125,0.130,0.145,0.127,0.138,0.384,0.125,0.138,0.124,0.146,0.134],
    [0],
    [0]
