C:\ProgramData\MED Associates\Davis Rig\Parameters\Isaac\0715TG31PREpref.ms8.txt
Version #, 7.24
System ID, 1
Start Date, 2023/07/15
Start Time, 11:34:14
Animal ID, TG31
Condition, Pre
Max Wait for first Lick is, 45
Max Retries / Presentation, 0
Max Number Presentations, 60
PRESENTATION,TUBE,CONCENTRATION,SOLUTION,  IPI  , LENGTH, LICKS, Latency, Retries, Open Error, Close Error
   1,   3,    0.01m,          EB,     10,      5,     5,   26401,      0,      0,      0
   2,   3,    0.01m,          EB,     10,      5,     4,   10923,      0,      0,      0
   3,   1,    0.01m,          eb,     10,      5,    28,   17246,      0,      0,      0
   4,   4,    0.01m,          CT,     10,      5,    38,    5334,      0,      0,      0
   5,   2,    0.01m,          CT,     10,      5,    38,    2517,      0,      0,      0
   6,   2,    0.01m,          CT,     10,      5,    37,     814,      0,      0,      0
   7,   3,    0.01m,          EB,     10,      5,    20,     419,      0,      0,      0
   8,   1,    0.01m,          eb,     10,      5,     0,   45000,      0,      0,      0
   9,   3,    0.01m,          EB,     10,      5,     6,   14133,      0,      0,      0
  10,   1,    0.01m,          eb,     10,      5,    41,     524,      0,      0,      0
  11,   2,    0.01m,          CT,     10,      5,    29,    5834,      0,      0,      0
  12,   3,    0.01m,          EB,     10,      5,    14,     326,      0,      0,      0
  13,   3,    0.01m,          EB,     10,      5,    13,   36101,      0,      0,      0
  14,   2,    0.01m,          CT,     10,      5,    38,   10862,      0,      0,      0
  15,   4,    0.01m,          CT,     10,      5,    37,   11486,      0,      0,      0
  16,   2,    0.01m,          CT,     10,      5,    38,    2946,      0,      0,      0
  17,   4,    0.01m,          CT,     10,      5,    37,     344,      0,      0,      0
  18,   1,    0.01m,          eb,     10,      5,    40,    2594,      0,      0,      0
  19,   1,    0.01m,          eb,     10,      5,    11,    2654,      0,      0,      0
  20,   3,    0.01m,          EB,     10,      5,     2,   21892,      0,      0,      0
  21,   1,    0.01m,          eb,     10,      5,     1,   28962,      0,      0,      0
  22,   4,    0.01m,          CT,     10,      5,     0,   45000,      0,      0,      0
  23,   2,    0.01m,          CT,     10,      5,    27,   21985,      0,      0,      0
  24,   3,    0.01m,          EB,     10,      5,     0,   45000,      0,      0,      0
  25,   2,    0.01m,          CT,     10,      5,    38,    4334,      0,      0,      0
  26,   4,    0.01m,          CT,     10,      5,    39,   31647,      0,      0,      0
  27,   1,    0.01m,          eb,     10,      5,     2,   10900,      0,      0,      0
  28,   4,    0.01m,          CT,     10,      5,     0,   45000,      0,      0,      0
  29,   2,    0.01m,          CT,     10,      5,     0,   45000,      0,      0,      0
  30,   2,    0.01m,          CT,     10,      5,     4,   22361,      0,      0,      0
  31,   1,    0.01m,          eb,     10,      5,     0,   45000,      0,      0,      0
  32,   2,    0.01m,          CT,     10,      5,    40,    9518,      0,      0,      0
  33,   1,    0.01m,          eb,     10,      5,    21,   44198,      0,      0,      0
  34,   2,    0.01m,          CT,     10,      5,     0,   45000,      0,      0,      0
  35,   1,    0.01m,          eb,     10,      5,     0,   45000,      0,      0,      0
  36,   3,    0.01m,          EB,     10,      5,     0,   45000,      0,      0,      0
  37,   2,    0.01m,          CT,     10,      5,     0,   45000,      0,      0,      0
  38,   4,    0.01m,          CT,     10,      5,     0,   45000,      0,      0,      0
  39,   3,    0.01m,          EB,     10,      5,     0,   45000,      0,      0,      0
  40,   2,    0.01m,          CT,     10,      5,     0,   45000,      0,      0,      0
  41,   4,    0.01m,          CT,     10,      5,     0,   45000,      0,      0,      0
  42,   4,    0.01m,          CT,     10,      5,    41,   29730,      0,      0,      0
  43,   4,    0.01m,          CT,     10,      5,     6,   11343,      0,      0,      0
  44,   3,    0.01m,          EB,     10,      5,     1,   22289,      0,      0,      0
  45,   2,    0.01m,          CT,     10,      5,     0,   45000,      0,      0,      0
  46,   1,    0.01m,          eb,     10,      5,     0,   45000,      0,      0,      0
  47,   3,    0.01m,          EB,     10,      5,     0,   45000,      0,      0,      0
  48,   1,    0.01m,          eb,     10,      5,     0,   45000,      0,      0,      0
  49,   4,    0.01m,          CT,     10,      5,     0,   45000,      0,      0,      0
  50,   4,    0.01m,          CT,     10,      5,     0,   45000,      0,      0,      0
  51,   3,    0.01m,          EB,     10,      5,     0,   45000,      0,      0,      0
  52,   4,    0.01m,          CT,     10,      5,    12,     248,      0,      0,      0
  53,   1,    0.01m,          eb,     10,      5,     1,    8274,      0,      0,      0
  54,   1,    0.01m,          eb,     10,      5,     0,   45000,      0,      0,      0
  55,   4,    0.01m,          CT,     10,      5,    39,    3147,      0,      0,      0
  56,   3,    0.01m,          EB,     10,      5,     0,   45000,      0,      0,      0
  57,   1,    0.01m,          eb,     10,      5,     0,   45000,      0,      0,      0
  58,   4,    0.01m,          CT,     10,      5,     0,   45000,      0,      0,      0
  59,   2,    0.01m,          CT,     10,      5,     0,   45000,      0,      0,      0
  60,   3,    0.01m,          EB,     10,      5,     0,   45000,      0,      0,      0

1,113,112,148,108
2,57,244,366
3,97,84,108,118,107,124,118,126,124,139,125,134,125,110,112,129,136,1496,107,97,124,111,138,133,134,146,169
4,104,102,115,123,117,131,117,114,132,137,125,127,136,142,161,121,137,132,136,122,144,154,135,139,132,150,126,134,140,147,151,132,140,140,142,155,142
5,104,100,109,125,125,125,127,134,129,168,153,173,142,128,123,131,118,133,133,107,147,132,140,146,127,129,141,142,142,128,140,138,139,142,138,147,140
6,107,98,117,123,124,129,129,133,137,136,143,136,136,135,139,145,183,142,140,140,130,138,142,139,153,139,142,137,137,143,149,148,157,137,146,146
7,61,241,124,122,26,189,151,112,107,180,410,372,155,178,1173,86,34,130,107
8
9,117,127,188,111,186
10,105,111,109,123,123,126,128,135,130,149,134,130,117,132,138,142,122,140,137,104,122,111,103,105,113,113,131,142,115,132,120,132,126,137,139,127,152,104,114,108
11,122,108,112,100,115,116,122,125,127,138,179,522,130,124,108,136,133,123,134,131,123,146,266,142,142,136,212,917
12,431,1501,53,111,457,241,147,603,106,215,403,30,334
13,82,153,382,210,50,178,126,230,106,176,219,1067
14,108,105,120,128,124,124,132,127,126,131,131,125,136,126,156,134,130,122,134,132,130,134,136,155,125,133,136,131,138,141,150,130,138,128,156,133,138
15,113,113,118,125,127,132,132,130,129,129,139,159,296,126,110,127,135,128,126,128,138,135,137,129,142,150,134,141,131,144,122,143,133,137,147,142
16,113,106,123,117,125,130,131,126,137,132,137,131,142,134,136,145,133,148,139,136,153,144,136,139,129,127,139,159,129,139,124,151,142,145,131,135,156
17,101,133,192,97,109,112,131,117,136,127,138,132,138,143,137,159,148,139,139,147,143,122,137,146,141,129,153,130,141,134,133,126,130,123,128,169
18,114,96,126,119,127,130,132,136,129,129,143,132,126,110,136,120,113,127,124,127,127,126,124,121,113,119,112,143,125,122,107,118,112,145,108,133,15,219,133
19,106,107,108,127,449,440,215,206,232,79
20,114
21
22
23,110,129,141,140,129,127,136,139,120,134,132,126,131,128,562,107,112,133,127,123,127,129,257,129,1049,151
24
25,108,117,121,118,135,125,125,134,133,135,131,140,128,126,137,132,124,130,125,137,134,151,132,125,127,141,139,129,133,129,133,129,126,166,136,149,125
26,124,115,126,119,128,125,120,128,132,130,130,121,123,134,128,124,120,131,126,119,132,128,128,132,128,135,151,123,127,131,129,142,141,123,127,141,142,132
27,150
28
29
30,118,105,136
31
32,111,104,112,124,123,125,129,130,133,141,117,136,129,129,139,125,124,148,122,129,140,130,128,134,133,121,134,124,126,122,152,120,129,133,128,126,122,129,129
33,69,102,128,123,129,130,129,132,132,119,128,118,130,120,134,108,121,106,120,101
34
35
36
37
38
39
40
41
42,123,105,122,126,123,123,121,130,133,101,115,113,126,124,115,120,131,136,117,129,110,116,129,123,122,133,122,133,133,115,124,129,124,130,134,132,128,149,132,131
43,113,116,123,135,124
44
45
46
47
48
49
50
51
52,54,198,15,288,2367,117,124,178,176,176,31
53
54
55,118,123,127,140,140,125,126,117,135,128,129,136,126,130,123,126,155,111,128,122,135,125,122,120,143,120,133,130,131,121,125,116,153,131,174,123,130,126
56
57
58
59
60
