C:\ProgramData\MED Associates\Davis Rig\Parameters\Isaac\0702TG25_preference.ms8.txt
Version #, 7.24
System ID, 1
Start Date, 2023/07/02
Start Time, 11:07:39
Animal ID, TG25
Condition, 
Max Wait for first Lick is, 45
Max Retries / Presentation, 0
Max Number Presentations, 60
PRESENTATION,TUBE,CONCENTRATION,SOLUTION,  IPI  , LENGTH, LICKS, Latency, Retries, Open Error, Close Error
   1,   3,    0.01m,          paired,       10,      5,     0,   45000,      0,      0,      0
   2,   3,    0.01m,          paired,       10,      5,     0,   45000,      0,      0,      0
   3,   1,    0.01m,          paired,       10,      5,     0,   45000,      0,      0,      0
   4,   4,    0.01m,          unpaired,     10,      5,     0,   45000,      0,      0,      0
   5,   2,    0.01m,          unpaired,     10,      5,     0,   45000,      0,      0,      0
   6,   2,    0.01m,          unpaired,     10,      5,    37,   42285,      0,      0,      0
   7,   3,    0.01m,          paired,       10,      5,     4,   17408,      0,      0,      0
   8,   1,    0.01m,          paired,       10,      5,     1,   25753,      0,      0,      0
   9,   3,    0.01m,          paired,       10,      5,     7,   22692,      0,      0,      0
  10,   1,    0.01m,          paired,       10,      5,    11,   37055,      0,      0,      0
  11,   2,    0.01m,          unpaired,     10,      5,     7,    1743,      0,      0,      0
  12,   3,    0.01m,          paired,       10,      5,     4,   25402,      0,      0,      0
  13,   3,    0.01m,          paired,       10,      5,     7,    2259,      0,      0,      0
  14,   2,    0.01m,          unpaired,     10,      5,    19,   37131,      0,      0,      0
  15,   4,    0.01m,          unpaired,     10,      5,    14,    1713,      0,      0,      0
  16,   2,    0.01m,          unpaired,     10,      5,    15,    2682,      0,      0,      0
  17,   4,    0.01m,          unpaired,     10,      5,    11,    1648,      0,      0,      0
  18,   1,    0.01m,          paired,       10,      5,    22,    1586,      0,      0,      0
  19,   1,    0.01m,          paired,       10,      5,     7,    2969,      0,      0,      0
  20,   3,    0.01m,          paired,       10,      5,     5,    8833,      0,      0,      0
  21,   1,    0.01m,          paired,       10,      5,     0,   45000,      0,      0,      0
  22,   4,    0.01m,          unpaired,     10,      5,    10,   30969,      0,      0,      0
  23,   2,    0.01m,          unpaired,     10,      5,     0,   45000,      0,      0,      0
  24,   3,    0.01m,          paired,       10,      5,     4,   19219,      0,      0,      0
  25,   2,    0.01m,          unpaired,     10,      5,     0,   45000,      0,      0,      0
  26,   4,    0.01m,          unpaired,     10,      5,    22,    3468,      0,      0,      0
  27,   1,    0.01m,          paired,       10,      5,    14,    5003,      0,      0,      0
  28,   4,    0.01m,          unpaired,     10,      5,     7,    3876,      0,      0,      0
  29,   2,    0.01m,          unpaired,     10,      5,    15,    1067,      0,      0,      0
  30,   2,    0.01m,          unpaired,     10,      5,     8,    2309,      0,      0,      0
  31,   1,    0.01m,          paired,       10,      5,    15,    2740,      0,      0,      0
  32,   2,    0.01m,          unpaired,     10,      5,    11,    2019,      0,      0,      0
  33,   1,    0.01m,          paired,       10,      5,    19,    1180,      0,      0,      0
  34,   2,    0.01m,          unpaired,     10,      5,    34,    1522,      0,      0,      0
  35,   1,    0.01m,          paired,       10,      5,    14,    1373,      0,      0,      0
  36,   3,    0.01m,          paired,       10,      5,     8,   18741,      0,      0,      0
  37,   2,    0.01m,          unpaired,     10,      5,    16,    1843,      0,      0,      0
  38,   4,    0.01m,          unpaired,     10,      5,     0,   45000,      0,      0,      0
  39,   3,    0.01m,          paired,       10,      5,     2,   19642,      0,      0,      0
  40,   2,    0.01m,          unpaired,     10,      5,    20,    6151,      0,      0,      0
  41,   4,    0.01m,          unpaired,     10,      5,    17,   10597,      0,      0,      0
  42,   4,    0.01m,          unpaired,     10,      5,    16,   11880,      0,      0,      0
  43,   4,    0.01m,          unpaired,     10,      5,     0,   45000,      0,      0,      0
  44,   3,    0.01m,          paired,       10,      5,     0,   45000,      0,      0,      0
  45,   2,    0.01m,          unpaired,     10,      5,    20,   22107,      0,      0,      0
  46,   1,    0.01m,          paired,       10,      5,    17,    1907,      0,      0,      0
  47,   3,    0.01m,          paired,       10,      5,     4,    4792,      0,      0,      0
  48,   1,    0.01m,          paired,       10,      5,     7,    6263,      0,      0,      0
  49,   4,    0.01m,          unpaired,     10,      5,    20,    3568,      0,      0,      0
  50,   4,    0.01m,          unpaired,     10,      5,     7,    2450,      0,      0,      0
  51,   3,    0.01m,          paired,       10,      5,     2,    2294,      0,      0,      0
  52,   4,    0.01m,          unpaired,     10,      5,    25,   22751,      0,      0,      0
  53,   1,    0.01m,          paired,       10,      5,    20,    1565,      0,      0,      0
  54,   1,    0.01m,          paired,       10,      5,     0,   45000,      0,      0,      0
  55,   4,    0.01m,          unpaired,     10,      5,    14,    1467,      0,      0,      0
  56,   3,    0.01m,          paired,       10,      5,     5,    2340,      0,      0,      0
  57,   1,    0.01m,          paired,       10,      5,    39,   38366,      0,      0,      0
  58,   4,    0.01m,          unpaired,     10,      5,    31,    2839,      0,      0,      0
  59,   2,    0.01m,          unpaired,     10,      5,    32,    2384,      0,      0,      0
  60,   3,    0.01m,          paired,       10,      5,     8,    6059,      0,      0,      0

1
2
3
4
5
6,126,131,393,107,229,136,119,111,122,116,114,121,116,120,117,120,120,133,120,129,155,162,132,124,128,132,131,134,158,121,141,127,135,148,124,129
7,140,458,118
8
9,385,155,3451,132,123,121
10,133,122,113,122,122,121,129,123,129,3786
11,124,109,120,119,122,126
12,126,119,323
13,123,107,119,118,2797,115
14,124,114,112,116,114,117,116,129,120,134,117,129,130,3065,29,79,113,113
15,118,110,124,113,123,121,121,120,123,129,140,209,121
16,112,98,111,116,119,124,123,130,3372,105,108,117,116,128
17,152,145,113,135,121,120,135,126,126,125
18,113,100,106,114,116,117,123,123,128,128,122,125,127,1023,107,126,117,121,121,120,134
19,116,108,120,111,3320,115
20,118,117,347,99
21
22,124,95,126,112,119,117,116,118,133
23
24,245,112,115
25
26,121,102,124,105,116,119,130,124,121,121,136,113,138,123,137,125,134,124,127,130,127
27,117,111,118,115,120,121,125,124,118,131,134,133,199
28,115,109,117,108,122,123
29,111,108,115,112,123,121,2337,115,138,129,128,121,132,147
30,76,108,109,121,116,112,119
31,114,111,122,121,120,121,117,120,117,129,120,122,123,143
32,112,113,116,116,124,122,128,124,139,132
33,110,110,113,116,116,117,114,119,121,122,120,118,117,121,114,119,116,138
34,109,106,105,108,109,110,117,110,117,111,117,119,113,121,119,124,116,414,186,140,121,148,145,116,145,134,142,296,112,124,130,137,132
35,115,92,113,115,115,119,126,129,123,126,136,1307,120
36,85,878,93,1677,112,1156,133
37,163,90,122,123,124,116,117,116,116,131,128,129,126,136,117
38
39,122
40,118,117,117,124,122,122,130,121,128,123,132,129,131,131,131,126,125,126,173
41,116,120,118,119,110,121,115,116,119,133,128,127,115,133,125,133
42,114,102,122,113,117,114,114,121,123,117,121,118,122,132,116
43
44
45,109,100,106,108,110,116,120,116,127,122,128,123,131,148,126,146,122,1063,116
46,117,110,119,108,115,117,121,120,121,3215,118,115,113,111,114,118
47,118,411,3690
48,113,109,113,4183,112,117
49,114,102,120,102,125,2471,118,127,120,115,114,119,119,118,122,120,122,120,142
50,124,1349,128,123,106,114
51,125
52,314,138,107,125,107,121,117,125,120,129,425,124,154,135,154,152,164,172,200,117,140,147,124,134
53,120,118,124,119,117,123,156,1157,115,213,137,105,129,124,116,131,116,121,149
54
55,115,104,117,109,116,123,120,115,116,126,114,3510,115
56,114,108,113,1791
57,110,115,120,107,111,116,113,121,118,119,117,123,120,125,118,129,138,146,103,130,118,130,119,123,125,150,119,272,134,124,127,130,145,117,127,120,128,126
58,118,105,110,117,116,258,125,132,121,131,130,135,118,134,123,118,127,149,160,132,114,149,131,124,130,119,133,128,136,146
59,108,111,109,118,113,116,116,124,131,121,125,119,124,122,126,120,119,140,153,119,149,125,126,124,131,124,126,126,152,126,132
60,112,110,319,137,3761,113,117