C:\ProgramData\MED Associates\Davis Rig\Parameters\Isaac\0723TG31(posttest).ms8.txt
Version #, 7.24
System ID, 1
Start Date, 2023/07/23
Start Time, 14:40:25
Animal ID, TG31
Condition, Post
Max Wait for first Lick is, 45
Max Retries / Presentation, 0
Max Number Presentations, 60
PRESENTATION,TUBE,CONCENTRATION,SOLUTION,  IPI  , LENGTH, LICKS, Latency, Retries, Open Error, Close Error
   1,   3,    0.01m,          EB,     10,      5,    37,    9056,      0,      0,      0
   2,   3,    0.01m,          EB,     10,      5,    37,     832,      0,      0,      0
   3,   1,    0.01m,          eb,     10,      5,    34,     715,      0,      0,      0
   4,   4,    0.01m,          CT,     10,      5,    36,     327,      0,      0,      0
   5,   2,    0.01m,          CT,     10,      5,    36,    2030,      0,      0,      0
   6,   2,    0.01m,          CT,     10,      5,    37,    1470,      0,      0,      0
   7,   3,    0.01m,          EB,     10,      5,    38,     331,      0,      0,      0
   8,   1,    0.01m,          eb,     10,      5,    38,     314,      0,      0,      0
   9,   3,    0.01m,          EB,     10,      5,    38,     293,      0,      0,      0
  10,   1,    0.01m,          eb,     10,      5,    39,     516,      0,      0,      0
  11,   2,    0.01m,          CT,     10,      5,    36,    5741,      0,      0,      0
  12,   3,    0.01m,          EB,     10,      5,    36,     802,      0,      0,      0
  13,   3,    0.01m,          EB,     10,      5,    38,     685,      0,      0,      0
  14,   2,    0.01m,          CT,     10,      5,    40,   16349,      0,      0,      0
  15,   4,    0.01m,          CT,     10,      5,     6,   34024,      0,      0,      0
  16,   2,    0.01m,          CT,     10,      5,     9,    9904,      0,      0,      0
  17,   4,    0.01m,          CT,     10,      5,     1,   13390,      0,      0,      0
  18,   1,    0.01m,          eb,     10,      5,     0,   45000,      0,      0,      0
  19,   1,    0.01m,          eb,     10,      5,     7,    7573,      0,      0,      0
  20,   3,    0.01m,          EB,     10,      5,     0,   45000,      0,      0,      0
  21,   1,    0.01m,          eb,     10,      5,     0,   45000,      0,      0,      0
  22,   4,    0.01m,          CT,     10,      5,    32,    2698,      0,      0,      0
  23,   2,    0.01m,          CT,     10,      5,    35,   10444,      0,      0,      0
  24,   3,    0.01m,          EB,     10,      5,    20,    1055,      0,      0,      0
  25,   2,    0.01m,          CT,     10,      5,    12,   41971,      0,      0,      0
  26,   4,    0.01m,          CT,     10,      5,    29,    6529,      0,      0,      0
  27,   1,    0.01m,          eb,     10,      5,     6,   26470,      0,      0,      0
  28,   4,    0.01m,          CT,     10,      5,     0,   45000,      0,      0,      0
  29,   2,    0.01m,          CT,     10,      5,     0,   45000,      0,      0,      0
  30,   2,    0.01m,          CT,     10,      5,     0,   45000,      0,      0,      0
  31,   1,    0.01m,          eb,     10,      5,    10,    5880,      0,      0,      0
  32,   2,    0.01m,          CT,     10,      5,     0,   45000,      0,      0,      0
  33,   1,    0.01m,          eb,     10,      5,     0,   45000,      0,      0,      0
  34,   2,    0.01m,          CT,     10,      5,     0,   45000,      0,      0,      0
  35,   1,    0.01m,          eb,     10,      5,    35,    1230,      0,      0,      0
  36,   3,    0.01m,          EB,     10,      5,     1,   23166,      0,      0,      0
  37,   2,    0.01m,          CT,     10,      5,     0,   45000,      0,      0,      0
  38,   4,    0.01m,          CT,     10,      5,     9,     995,      0,      0,      0
  39,   3,    0.01m,          EB,     10,      5,     0,   45000,      0,      0,      0
  40,   2,    0.01m,          CT,     10,      5,    41,   12524,      0,      0,      0
  41,   4,    0.01m,          CT,     10,      5,    36,    2099,      0,      0,      0
  42,   4,    0.01m,          CT,     10,      5,     2,    4557,      0,      0,      0
  43,   4,    0.01m,          CT,     10,      5,     0,   45000,      0,      0,      0
  44,   3,    0.01m,          EB,     10,      5,     0,   45000,      0,      0,      0
  45,   2,    0.01m,          CT,     10,      5,     0,   45000,      0,      0,      0
  46,   1,    0.01m,          eb,     10,      5,     0,   45000,      0,      0,      0
  47,   3,    0.01m,          EB,     10,      5,     7,    2363,      0,      0,      0
  48,   1,    0.01m,          eb,     10,      5,     2,    7456,      0,      0,      0
  49,   4,    0.01m,          CT,     10,      5,     0,   45000,      0,      0,      0
  50,   4,    0.01m,          CT,     10,      5,     0,   45000,      0,      0,      0
  51,   3,    0.01m,          EB,     10,      5,     0,   45000,      0,      0,      0
  52,   4,    0.01m,          CT,     10,      5,     0,   45000,      0,      0,      0
  53,   1,    0.01m,          eb,     10,      5,    36,   33038,      0,      0,      0
  54,   1,    0.01m,          eb,     10,      5,    15,   40181,      0,      0,      0
  55,   4,    0.01m,          CT,     10,      5,     5,   38067,      0,      0,      0
  56,   3,    0.01m,          EB,     10,      5,     0,   45000,      0,      0,      0
  57,   1,    0.01m,          eb,     10,      5,     0,   45000,      0,      0,      0
  58,   4,    0.01m,          CT,     10,      5,     0,   45000,      0,      0,      0
  59,   2,    0.01m,          CT,     10,      5,     0,   45000,      0,      0,      0
  60,   3,    0.01m,          EB,     10,      5,    33,    2721,      0,      0,      0

1,98,110,100,128,129,136,127,143,135,127,148,155,147,149,151,139,140,146,143,134,131,135,144,149,135,144,154,133,145,136,149,126,147,138,133,126
2,102,117,110,126,134,136,142,141,133,119,149,146,143,137,137,145,133,128,133,143,132,155,128,137,133,138,136,156,147,136,145,136,150,147,137,148
3,111,105,104,136,125,134,140,705,103,91,113,120,126,135,132,140,148,153,147,134,130,138,138,169,140,133,132,136,143,136,138,141,138
4,98,108,110,117,490,123,116,124,130,125,135,129,131,137,158,130,138,130,134,138,151,134,140,128,150,126,147,139,135,138,128,145,139,135,141
5,119,135,139,127,142,136,139,139,138,137,140,141,139,142,147,135,134,162,122,136,145,147,141,157,143,136,137,146,153,137,156,133,131,132,149
6,95,121,113,129,136,130,137,138,141,142,142,146,139,148,143,142,135,136,139,136,144,140,137,157,121,140,144,117,143,148,140,138,148,145,151,140
7,108,103,123,115,125,129,128,137,132,134,138,132,136,135,128,129,138,134,149,137,135,133,132,143,144,141,135,133,152,145,143,150,143,140,133,156,143
8,94,125,111,131,123,127,124,136,142,129,138,137,137,134,133,135,164,124,142,134,130,141,136,139,138,138,153,132,136,142,139,139,138,135,133,140,133
9,94,108,104,111,123,130,136,130,132,130,142,131,138,148,136,139,132,131,143,136,128,142,145,155,132,144,136,145,130,138,143,134,154,132,134,123,137
10,91,111,111,120,135,124,127,133,134,132,135,133,136,133,124,133,138,128,133,141,145,105,130,130,131,130,128,148,136,137,126,135,135,136,157,134,126,126
11,96,116,114,126,129,119,128,137,132,134,133,125,141,132,137,158,136,133,133,145,132,133,135,152,131,140,127,133,144,126,149,139,137,420,115
12,90,96,106,116,117,129,120,393,130,118,130,457,119,113,117,118,135,126,126,121,125,130,132,128,145,131,118,133,132,131,139,136,129,142,140
13,106,101,115,120,134,119,137,133,131,132,138,134,130,132,135,123,124,134,125,124,126,114,126,131,121,136,135,129,127,135,133,129,357,129,127,133,138
14,110,98,113,119,121,119,128,118,126,128,124,133,125,127,122,138,128,133,118,136,127,120,133,140,128,136,119,139,129,131,144,133,161,121,119,140,141,134,107
15,118,113,115,110,116
16,93,108,123,119,118,118,123,119
17
18
19,105,106,118,131,107,135
20
21
22,105,116,113,122,130,125,115,136,116,129,121,124,115,131,127,115,127,114,119,125,122,133,119,138,121,129,128,134,123,125,135
23,104,115,125,128,130,137,138,127,137,129,129,140,119,132,152,120,131,130,128,135,111,135,124,136,120,121,148,120,653,93,126,142,124,130
24,116,122,125,134,133,139,140,2656,110,122,121,117,140,140,128,129,141,147,138
25,107,111,119,118,120,124,118,110,119,120,276
26,119,110,125,123,127,112,199,117,116,115,124,126,131,116,116,118,126,509,131,126,135,121,144,101,131,126,135,125
27,104,108,112,129,131
28
29
30
31,103,106,118,122,119,114,118,117,107
32
33
34
35,103,119,115,127,109,120,117,119,345,140,104,122,126,125,115,116,127,115,128,117,116,120,119,121,142,113,129,122,127,137,148,616,117,153
36
37
38,119,4134,101,121,130,122,135,132
39
40,103,110,118,119,132,120,144,112,144,128,124,118,114,119,119,124,115,135,124,122,124,118,135,115,129,118,121,126,122,121,130,140,114,123,117,116,125,126,128,132
41,131,141,124,134,136,141,113,132,127,133,133,124,125,127,122,119,143,137,148,114,143,137,132,122,258,135,130,129,154,110,132,142,135,129,126
42,149
43
44
45
46
47,126,115,121,120,113,122
48,119
49
50
51
52
53,112,118,127,122,122,131,127,129,127,123,113,131,121,116,124,132,127,121,120,132,117,146,121,117,123,130,139,125,119,134,119,132,145,114,128
54,102,110,115,129,120,113,126,115,128,125,122,134,123,273
55,982,888,29,1285
56
57
58
59
60,138,121,140,141,134,138,395,118,125,141,124,139,138,117,130,124,130,137,126,144,603,122,108,143,113,124,123,131,141,114,139,170
