C:\ProgramData\MED Associates\Davis Rig\Parameters\Isaac\0715TG29PREpref.ms8.txt
Version #, 7.24
System ID, 1
Start Date, 2023/07/15
Start Time, 10:10:16
Animal ID, TG29
Condition, 
Max Wait for first Lick is, 45
Max Retries / Presentation, 0
Max Number Presentations, 60
PRESENTATION,TUBE,CONCENTRATION,SOLUTION,  IPI  , LENGTH, LICKS, Latency, Retries, Open Error, Close Error
   1,   3,    0.01m,          EB,     10,      5,     2,   41674,      0,      0,      0
   2,   3,    0.01m,          EB,     10,      5,     3,   42628,      0,      0,      0
   3,   1,    0.01m,          eb,     10,      5,    35,   10455,      0,      0,      0
   4,   4,    0.01m,          CT,     10,      5,    33,    3545,      0,      0,      0
   5,   2,    0.01m,          CT,     10,      5,    33,    7866,      0,      0,      0
   6,   2,    0.01m,          CT,     10,      5,    36,    1633,      0,      0,      0
   7,   3,    0.01m,          EB,     10,      5,    12,   22711,      0,      0,      0
   8,   1,    0.01m,          eb,     10,      5,    40,    2017,      0,      0,      0
   9,   3,    0.01m,          EB,     10,      5,     6,    3257,      0,      0,      0
  10,   1,    0.01m,          eb,     10,      5,    40,     605,      0,      0,      0
  11,   2,    0.01m,          CT,     10,      5,    37,    7508,      0,      0,      0
  12,   3,    0.01m,          EB,     10,      5,     2,    3263,      0,      0,      0
  13,   3,    0.01m,          EB,     10,      5,     4,    5111,      0,      0,      0
  14,   2,    0.01m,          CT,     10,      5,    39,   21373,      0,      0,      0
  15,   4,    0.01m,          CT,     10,      5,    37,    6053,      0,      0,      0
  16,   2,    0.01m,          CT,     10,      5,    38,    2239,      0,      0,      0
  17,   4,    0.01m,          CT,     10,      5,    38,    7290,      0,      0,      0
  18,   1,    0.01m,          eb,     10,      5,    40,    5209,      0,      0,      0
  19,   1,    0.01m,          eb,     10,      5,    38,    3878,      0,      0,      0
  20,   3,    0.01m,          EB,     10,      5,     7,    7043,      0,      0,      0
  21,   1,    0.01m,          eb,     10,      5,    39,    9994,      0,      0,      0
  22,   4,    0.01m,          CT,     10,      5,    28,   11559,      0,      0,      0
  23,   2,    0.01m,          CT,     10,      5,     0,   45000,      0,      0,      0
  24,   3,    0.01m,          EB,     10,      5,     3,   11233,      0,      0,      0
  25,   2,    0.01m,          CT,     10,      5,    30,    5902,      0,      0,      0
  26,   4,    0.01m,          CT,     10,      5,    25,   12269,      0,      0,      0
  27,   1,    0.01m,          eb,     10,      5,     5,    4654,      0,      0,      0
  28,   4,    0.01m,          CT,     10,      5,    11,   14565,      0,      0,      0
  29,   2,    0.01m,          CT,     10,      5,    17,    1951,      0,      0,      0
  30,   2,    0.01m,          CT,     10,      5,    25,    2623,      0,      0,      0
  31,   1,    0.01m,          eb,     10,      5,    34,    5100,      0,      0,      0
  32,   2,    0.01m,          CT,     10,      5,    17,    1399,      0,      0,      0
  33,   1,    0.01m,          eb,     10,      5,    39,   29379,      0,      0,      0
  34,   2,    0.01m,          CT,     10,      5,     0,   45000,      0,      0,      0
  35,   1,    0.01m,          eb,     10,      5,     0,   45000,      0,      0,      0
  36,   3,    0.01m,          EB,     10,      5,     0,   45000,      0,      0,      0
  37,   2,    0.01m,          CT,     10,      5,    39,    5944,      0,      0,      0
  38,   4,    0.01m,          CT,     10,      5,     0,   45000,      0,      0,      0
  39,   3,    0.01m,          EB,     10,      5,     0,   45000,      0,      0,      0
  40,   2,    0.01m,          CT,     10,      5,     0,   45000,      0,      0,      0
  41,   4,    0.01m,          CT,     10,      5,     0,   45000,      0,      0,      0
  42,   4,    0.01m,          CT,     10,      5,     0,   45000,      0,      0,      0
  43,   4,    0.01m,          CT,     10,      5,     0,   45000,      0,      0,      0
  44,   3,    0.01m,          EB,     10,      5,     3,   17943,      0,      0,      0
  45,   2,    0.01m,          CT,     10,      5,     0,   45000,      0,      0,      0
  46,   1,    0.01m,          eb,     10,      5,     0,   45000,      0,      0,      0
  47,   3,    0.01m,          EB,     10,      5,     1,   12207,      0,      0,      0
  48,   1,    0.01m,          eb,     10,      5,    42,   13226,      0,      0,      0
  49,   4,    0.01m,          CT,     10,      5,    34,   38970,      0,      0,      0
  50,   4,    0.01m,          CT,     10,      5,     0,   45000,      0,      0,      0
  51,   3,    0.01m,          EB,     10,      5,     0,   45000,      0,      0,      0
  52,   4,    0.01m,          CT,     10,      5,     0,   45000,      0,      0,      0
  53,   1,    0.01m,          eb,     10,      5,    39,   13211,      0,      0,      0
  54,   1,    0.01m,          eb,     10,      5,    22,    8794,      0,      0,      0
  55,   4,    0.01m,          CT,     10,      5,    21,    8039,      0,      0,      0
  56,   3,    0.01m,          EB,     10,      5,     0,   45000,      0,      0,      0
  57,   1,    0.01m,          eb,     10,      5,    40,   12413,      0,      0,      0
  58,   4,    0.01m,          CT,     10,      5,     0,   45000,      0,      0,      0
  59,   2,    0.01m,          CT,     10,      5,    36,   22161,      0,      0,      0
  60,   3,    0.01m,          EB,     10,      5,     2,   24318,      0,      0,      0

1,400
2,116,121
3,111,110,121,116,124,118,121,121,119,119,120,122,127,121,124,125,143,111,133,123,131,126,130,129,859,106,98,126,107,132,135,127,127,135
4,108,98,116,116,136,133,129,130,151,114,143,129,131,141,152,131,132,136,138,140,138,143,484,125,120,144,123,145,141,144,137,136
5,530,103,121,123,129,133,134,134,142,142,145,138,154,137,146,141,154,143,140,134,144,157,154,144,155,153,158,158,168,168,168,144
6,105,115,134,123,136,133,129,133,133,137,140,136,139,138,139,153,160,145,141,138,148,153,149,157,152,168,141,139,138,147,149,147,177,144,149
7,102,101,113,115,138,376,110,123,1102,114,574
8,104,119,111,114,117,120,123,126,131,129,125,125,125,128,120,147,127,129,116,137,127,123,125,143,117,120,130,128,131,127,140,121,133,126,135,134,138,151,126
9,107,120,1446,119,131
10,104,94,111,114,122,122,113,127,128,125,124,125,124,123,121,146,97,136,103,138,114,131,121,148,103,125,127,145,126,123,140,125,158,139,130,138,123,141,130
11,117,102,123,110,134,127,139,120,111,146,113,149,130,138,147,135,139,137,167,118,152,151,148,135,141,141,142,135,147,149,123,160,136,147,142,159
12,101
13,114,1755,99
14,102,112,103,120,113,124,122,124,115,126,118,136,125,129,135,122,128,115,137,127,131,134,138,128,128,123,139,135,142,144,149,136,132,136,138,128,140,142
15,101,105,117,115,489,106,114,116,126,131,133,136,120,130,126,131,131,120,124,134,115,129,126,132,127,145,124,132,139,125,134,127,133,131,142,127
16,106,105,110,121,126,124,126,129,129,132,135,131,130,133,125,141,124,131,125,131,129,131,135,136,135,139,166,135,149,132,138,138,138,135,133,143,156
17,106,114,119,124,131,124,130,132,142,127,144,126,117,146,126,126,130,141,134,181,117,138,138,130,139,145,124,121,136,131,131,133,127,140,263,117,132
18,97,100,110,115,121,120,125,108,133,123,143,114,98,109,121,111,127,116,120,115,114,108,122,115,673,97,104,106,108,113,109,103,97,109,109,121,129,110,120
19,98,87,107,120,117,119,113,122,124,122,127,120,129,112,131,115,135,748,104,112,107,112,112,109,117,124,120,100,121,108,116,115,131,121,125,119,119
20,105,2605,106,186,592,106
21,99,83,108,93,105,115,113,119,114,118,115,122,105,124,115,112,109,106,119,106,119,112,110,713,92,110,113,102,109,109,116,114,118,130,117,108,106,227
22,117,93,126,117,129,124,110,128,121,125,130,120,119,126,122,127,120,131,143,124,132,125,135,124,137,120,132
23
24,105,105
25,106,110,112,121,114,119,111,120,120,118,111,123,122,125,112,128,127,124,128,121,120,128,130,1519,119,118,128,121,125
26,132,114,242,135,117,131,127,126,131,796,118,138,118,129,129,119,127,122,129,127,123,123,128,127
27,109,114,133,112
28,101,107,125,130,144,120,3121,119,126,134
29,100,106,127,96,119,121,130,130,131,128,132,131,119,136,146,113
30,108,113,121,123,122,129,131,121,122,119,127,131,119,122,358,120,128,122,124,1891,121,131,144,151
31,99,99,112,116,119,121,127,129,130,121,123,271,113,117,98,127,111,114,122,118,132,124,112,129,124,112,135,563,127,105,124,591,106
32,130,109,134,120,1528,91,119,127,120,121,152,195,1609,136,141,164
33,94,96,90,103,107,101,113,123,118,112,121,112,117,122,116,570,112,110,101,118,111,110,125,118,120,122,119,131,121,125,122,134,130,121,122,123,123,238
34
35
36
37,103,109,117,124,129,116,126,136,110,123,112,111,116,113,133,119,130,127,119,125,121,110,140,119,135,139,175,107,121,134,134,123,128,127,123,129,140,161
38
39
40
41
42
43
44,98,118
45
46
47
48,117,89,91,92,113,116,119,120,121,126,121,123,123,115,125,113,121,111,111,121,119,130,115,119,128,123,122,126,123,217,109,127,109,116,122,128,117,118,119,139,134
49,101,108,102,117,112,118,117,116,119,121,121,118,125,124,122,122,125,124,136,115,127,132,120,126,123,109,131,130,121,138,119,123,136
50
51
52
53,103,100,110,103,123,142,125,125,126,117,119,117,112,134,101,125,111,122,128,99,123,115,122,113,123,410,106,117,111,114,365,100,111,108,120,112,129,119
54,105,95,83,110,96,118,2543,99,100,103,115,289,118,108,125,127,126,125,122,126,136
55,105,116,1976,101,103,104,120,119,132,122,130,123,118,123,121,117,127,119,124,130
56
57,201,109,86,101,116,120,134,114,136,126,119,120,116,124,115,116,141,105,132,120,135,130,112,129,123,120,140,109,127,123,126,125,128,127,131,144,114,121,259
58
59,99,92,105,105,117,123,131,124,143,136,133,128,130,132,142,222,121,123,123,125,135,589,108,114,127,125,139,133,136,139,124,132,141,129,167
60,106