C:\ProgramData\MED Associates\Davis Rig\Parameters\Isaac\0715TG32PREpref.ms8.txt
Version #, 7.24
System ID, 1
Start Date, 2023/07/15
Start Time, 12:21:07
Animal ID, TG32
Condition, 
Max Wait for first Lick is, 45
Max Retries / Presentation, 0
Max Number Presentations, 60
PRESENTATION,TUBE,CONCENTRATION,SOLUTION,  IPI  , LENGTH, LICKS, Latency, Retries, Open Error, Close Error
   1,   3,    0.01m,          EB,     10,      5,     8,   31870,      0,      0,      0
   2,   3,    0.01m,          EB,     10,      5,     2,    6398,      0,      0,      0
   3,   1,    0.01m,          eb,     10,      5,     0,   45000,      0,      0,      0
   4,   4,    0.01m,          CT,     10,      5,    37,     811,      0,      0,      0
   5,   2,    0.01m,          CT,     10,      5,     0,   45000,      0,      0,      0
   6,   2,    0.01m,          CT,     10,      5,    35,    7921,      0,      0,      0
   7,   3,    0.01m,          EB,     10,      5,     3,   32090,      0,      0,      0
   8,   1,    0.01m,          eb,     10,      5,     0,   45000,      0,      0,      0
   9,   3,    0.01m,          EB,     10,      5,     0,   45000,      0,      0,      0
  10,   1,    0.01m,          eb,     10,      5,    22,   40831,      0,      0,      0
  11,   2,    0.01m,          CT,     10,      5,    28,   16551,      0,      0,      0
  12,   3,    0.01m,          EB,     10,      5,    10,   24575,      0,      0,      0
  13,   3,    0.01m,          EB,     10,      5,     6,    3556,      0,      0,      0
  14,   2,    0.01m,          CT,     10,      5,    37,   11253,      0,      0,      0
  15,   4,    0.01m,          CT,     10,      5,    38,    4009,      0,      0,      0
  16,   2,    0.01m,          CT,     10,      5,    34,    1625,      0,      0,      0
  17,   4,    0.01m,          CT,     10,      5,    30,    7026,      0,      0,      0
  18,   1,    0.01m,          eb,     10,      5,    17,     941,      0,      0,      0
  19,   1,    0.01m,          eb,     10,      5,    24,    2331,      0,      0,      0
  20,   3,    0.01m,          EB,     10,      5,     6,   15964,      0,      0,      0
  21,   1,    0.01m,          eb,     10,      5,    12,    7584,      0,      0,      0
  22,   4,    0.01m,          CT,     10,      5,    36,   19020,      0,      0,      0
  23,   2,    0.01m,          CT,     10,      5,    34,    7807,      0,      0,      0
  24,   3,    0.01m,          EB,     10,      5,     6,    6050,      0,      0,      0
  25,   2,    0.01m,          CT,     10,      5,    32,   39065,      0,      0,      0
  26,   4,    0.01m,          CT,     10,      5,    35,   21065,      0,      0,      0
  27,   1,    0.01m,          eb,     10,      5,    31,   40514,      0,      0,      0
  28,   4,    0.01m,          CT,     10,      5,    14,    2116,      0,      0,      0
  29,   2,    0.01m,          CT,     10,      5,    37,   13063,      0,      0,      0
  30,   2,    0.01m,          CT,     10,      5,    20,   11154,      0,      0,      0
  31,   1,    0.01m,          eb,     10,      5,    26,    4546,      0,      0,      0
  32,   2,    0.01m,          CT,     10,      5,    36,    5233,      0,      0,      0
  33,   1,    0.01m,          eb,     10,      5,    34,   37666,      0,      0,      0
  34,   2,    0.01m,          CT,     10,      5,     0,   45000,      0,      0,      0
  35,   1,    0.01m,          eb,     10,      5,     0,   45000,      0,      0,      0
  36,   3,    0.01m,          EB,     10,      5,    11,   18492,      0,      0,      0
  37,   2,    0.01m,          CT,     10,      5,    19,    3051,      0,      0,      0
  38,   4,    0.01m,          CT,     10,      5,     0,   45000,      0,      0,      0
  39,   3,    0.01m,          EB,     10,      5,     0,   45000,      0,      0,      0
  40,   2,    0.01m,          CT,     10,      5,     0,   45000,      0,      0,      0
  41,   4,    0.01m,          CT,     10,      5,    31,   33386,      0,      0,      0
  42,   4,    0.01m,          CT,     10,      5,    35,   10901,      0,      0,      0
  43,   4,    0.01m,          CT,     10,      5,    36,    4417,      0,      0,      0
  44,   3,    0.01m,          EB,     10,      5,     2,   24482,      0,      0,      0
  45,   2,    0.01m,          CT,     10,      5,    36,   19347,      0,      0,      0
  46,   1,    0.01m,          eb,     10,      5,    30,    2062,      0,      0,      0
  47,   3,    0.01m,          EB,     10,      5,     0,   45000,      0,      0,      0
  48,   1,    0.01m,          eb,     10,      5,    19,    7000,      0,      0,      0
  49,   4,    0.01m,          CT,     10,      5,    36,    6133,      0,      0,      0
  50,   4,    0.01m,          CT,     10,      5,    34,     941,      0,      0,      0
  51,   3,    0.01m,          EB,     10,      5,     2,    2356,      0,      0,      0
  52,   4,    0.01m,          CT,     10,      5,    35,   38942,      0,      0,      0
  53,   1,    0.01m,          eb,     10,      5,    16,     769,      0,      0,      0
  54,   1,    0.01m,          eb,     10,      5,    28,   20036,      0,      0,      0
  55,   4,    0.01m,          CT,     10,      5,    32,     763,      0,      0,      0
  56,   3,    0.01m,          EB,     10,      5,     2,   18556,      0,      0,      0
  57,   1,    0.01m,          eb,     10,      5,    30,   15980,      0,      0,      0
  58,   4,    0.01m,          CT,     10,      5,     4,   23822,      0,      0,      0
  59,   2,    0.01m,          CT,     10,      5,     0,   45000,      0,      0,      0
  60,   3,    0.01m,          EB,     10,      5,     0,   45000,      0,      0,      0

1,120,157,203,550,118,207,119
2,127
3
4,142,132,128,138,117,123,130,125,130,129,129,131,136,134,128,133,133,134,129,146,134,137,137,142,140,159,135,136,139,140,144,141,144,156,141,137
5
6,129,119,120,126,124,142,138,160,191,460,119,116,124,130,130,135,128,128,134,150,124,140,130,136,133,136,148,138,134,138,139,156,133,138
7,109,130
8
9
10,117,118,120,131,128,122,126,125,117,121,125,124,121,133,122,125,123,128,153,119,155
11,1339,105,112,116,116,122,125,133,130,143,141,146,158,153,150,160,142,194,152,137,136,141,150,137,130,142,149
12,105,103,478,127,2589,375,117,189,298
13,100,705,112,120,3745
14,110,105,112,121,124,123,128,127,129,128,142,137,131,142,159,144,136,141,137,136,145,137,136,133,159,163,183,138,134,188,125,148,132,141,136,132
15,103,110,117,123,129,125,128,126,121,131,184,149,149,139,139,135,132,127,136,128,130,143,129,135,133,128,134,134,149,130,131,133,143,133,141,158,127
16,101,96,108,112,119,122,121,127,124,127,126,130,125,122,135,153,117,133,141,187,698,121,124,126,130,129,128,132,139,139,137,156,126
17,105,113,124,148,142,148,142,137,1197,120,113,122,129,130,141,128,130,133,134,134,132,141,165,128,131,140,137,151,146
18,116,114,113,119,119,124,127,133,140,651,304,111,2515,97,103,109
19,97,97,101,95,117,121,128,130,128,124,131,125,131,815,84,107,116,116,129,124,121,118,132
20,97,101,121,109,125
21,221,101,110,110,129,125,481,107,90,109,114
22,113,102,100,117,114,118,122,121,126,590,102,105,146,139,119,121,124,123,128,127,141,120,129,127,126,178,117,148,126,133,178,132,136,158,134
23,113,104,114,129,124,123,130,126,127,131,127,135,134,140,134,150,132,125,140,137,131,133,150,132,127,146,167,131,139,157,174,135,317
24,107,132,126,102,126
25,98,117,122,128,131,140,122,132,130,224,915,123,124,129,125,136,140,133,131,128,128,128,148,124,133,135,134,135,132,146,126
26,101,109,121,122,120,123,121,121,121,126,123,127,125,149,132,124,142,136,126,132,143,125,132,129,123,133,189,121,128,131,693,114,119,127
27,101,97,116,117,127,120,120,124,120,127,122,116,125,124,122,1075,117,116,117,128,138,125,130,123,129,122,120,143,174,123
28,112,104,106,120,116,119,126,120,131,118,123,132,141
29,113,128,139,127,127,118,133,130,136,129,124,134,147,128,127,136,130,135,129,142,151,134,141,143,138,144,149,192,172,146,143,146,142,144,129,143
30,156,2188,112,121,133,136,132,144,143,135,151,256,132,140,143,133,152,128,135
31,109,105,123,120,126,125,686,97,97,111,120,125,121,142,115,127,126,130,1606,91,108,106,107,112,122
32,102,112,118,120,131,125,125,125,124,129,130,128,131,139,354,116,121,134,328,127,121,132,137,134,153,148,164,126,140,151,121,140,136,133,134
33,104,105,104,119,118,122,119,118,127,117,128,124,126,124,477,129,119,108,114,112,117,121,121,136,115,118,127,124,123,302,267,483,111
34
35
36,105,118,131,543,1276,111,114,145,1982,97
37,109,119,159,130,122,129,135,288,132,148,140,118,491,105,114,124,138,120
38
39
40
41,114,115,121,126,132,116,124,134,118,126,132,127,142,155,132,183,137,139,161,164,979,130,140,132,126,150,127,128,136,135
42,107,107,127,130,131,130,127,131,134,122,131,132,134,146,133,137,137,141,134,148,149,136,292,304,143,134,146,139,141,167,139,158,138,154
43,108,121,120,122,128,128,134,118,138,129,137,126,130,147,130,129,135,135,138,139,139,136,135,154,148,265,161,320,115,132,137,135,134,145,132
44,126
45,100,106,117,125,118,128,128,123,121,128,127,127,130,131,128,144,123,128,126,131,144,126,131,138,606,206,108,126,123,119,130,131,130,129,150
46,110,115,111,115,126,124,130,113,129,125,115,1272,205,107,107,114,122,123,303,104,115,115,129,109,129,121,135,118,127
47
48,112,103,108,119,117,128,128,118,129,160,109,114,151,531,107,107,108,133
49,107,112,126,116,123,136,136,131,135,131,125,143,131,138,131,126,133,164,117,145,132,138,138,144,136,138,155,137,142,140,154,133,153,153,139
50,97,111,110,120,127,124,128,125,116,127,129,131,131,154,127,134,127,134,125,134,129,154,133,881,106,110,118,120,125,148,122,127,136
51,128
52,103,107,119,116,125,125,120,120,126,120,128,119,130,125,139,143,133,126,149,490,214,120,118,124,125,151,130,127,127,125,133,133,128,159
53,111,111,121,123,129,123,132,116,118,119,117,122,115,120,119
54,98,104,116,111,120,121,120,132,114,119,113,1473,102,106,103,134,105,121,120,136,443,101,102,112,118,118,123
55,108,110,120,130,127,132,136,125,136,160,138,121,347,128,156,455,131,108,141,125,151,239,127,129,160,127,142,129,139,133,132
56,127
57,103,107,108,121,112,126,112,125,114,112,120,115,117,121,1012,112,114,116,121,129,128,148,118,278,275,113,122,374,130
58,107,113,121
59
60