C:\ProgramData\MED Associates\Davis Rig\Parameters\Isaac\0723TG32(posttest).ms8.txt
Version #, 7.24
System ID, 1
Start Date, 2023/07/23
Start Time, 15:23:51
Animal ID, TG32
Condition, 
Max Wait for first Lick is, 45
Max Retries / Presentation, 0
Max Number Presentations, 60
PRESENTATION,TUBE,CONCENTRATION,SOLUTION,  IPI  , LENGTH, LICKS, Latency, Retries, Open Error, Close Error
   1,   3,    0.01m,          EB,     10,      5,    36,    2167,      0,      0,      0
   2,   3,    0.01m,          EB,     10,      5,    34,     977,      0,      0,      0
   3,   1,    0.01m,          eb,     10,      5,    35,     880,      0,      0,      0
   4,   4,    0.01m,          CT,     10,      5,    36,     358,      0,      0,      0
   5,   2,    0.01m,          CT,     10,      5,    37,     345,      0,      0,      0
   6,   2,    0.01m,          CT,     10,      5,    36,     563,      0,      0,      0
   7,   3,    0.01m,          EB,     10,      5,    34,     659,      0,      0,      0
   8,   1,    0.01m,          eb,     10,      5,    37,     416,      0,      0,      0
   9,   3,    0.01m,          EB,     10,      5,    38,     376,      0,      0,      0
  10,   1,    0.01m,          eb,     10,      5,    38,     455,      0,      0,      0
  11,   2,    0.01m,          CT,     10,      5,    38,     458,      0,      0,      0
  12,   3,    0.01m,          EB,     10,      5,    37,     592,      0,      0,      0
  13,   3,    0.01m,          EB,     10,      5,    38,     469,      0,      0,      0
  14,   2,    0.01m,          CT,     10,      5,    39,     356,      0,      0,      0
  15,   4,    0.01m,          CT,     10,      5,    37,     349,      0,      0,      0
  16,   2,    0.01m,          CT,     10,      5,    38,    4773,      0,      0,      0
  17,   4,    0.01m,          CT,     10,      5,    37,     716,      0,      0,      0
  18,   1,    0.01m,          eb,     10,      5,    38,     552,      0,      0,      0
  19,   1,    0.01m,          eb,     10,      5,    38,     552,      0,      0,      0
  20,   3,    0.01m,          EB,     10,      5,    39,     512,      0,      0,      0
  21,   1,    0.01m,          eb,     10,      5,    38,     552,      0,      0,      0
  22,   4,    0.01m,          CT,     10,      5,    38,     577,      0,      0,      0
  23,   2,    0.01m,          CT,     10,      5,    36,     566,      0,      0,      0
  24,   3,    0.01m,          EB,     10,      5,    39,     342,      0,      0,      0
  25,   2,    0.01m,          CT,     10,      5,    39,     406,      0,      0,      0
  26,   4,    0.01m,          CT,     10,      5,    29,     750,      0,      0,      0
  27,   1,    0.01m,          eb,     10,      5,    37,    1229,      0,      0,      0
  28,   4,    0.01m,          CT,     10,      5,    39,     772,      0,      0,      0
  29,   2,    0.01m,          CT,     10,      5,    39,     547,      0,      0,      0
  30,   2,    0.01m,          CT,     10,      5,    36,     640,      0,      0,      0
  31,   1,    0.01m,          eb,     10,      5,    11,   12366,      0,      0,      0
  32,   2,    0.01m,          CT,     10,      5,    24,   21506,      0,      0,      0
  33,   1,    0.01m,          eb,     10,      5,    32,     758,      0,      0,      0
  34,   2,    0.01m,          CT,     10,      5,     5,   18702,      0,      0,      0
  35,   1,    0.01m,          eb,     10,      5,    25,   38758,      0,      0,      0
  36,   3,    0.01m,          EB,     10,      5,     7,   30524,      0,      0,      0
  37,   2,    0.01m,          CT,     10,      5,    33,   27184,      0,      0,      0
  38,   4,    0.01m,          CT,     10,      5,    29,    1270,      0,      0,      0
  39,   3,    0.01m,          EB,     10,      5,    27,   37177,      0,      0,      0
  40,   2,    0.01m,          CT,     10,      5,    28,     719,      0,      0,      0
  41,   4,    0.01m,          CT,     10,      5,     4,    1479,      0,      0,      0
  42,   4,    0.01m,          CT,     10,      5,     0,   45000,      0,      0,      0
  43,   4,    0.01m,          CT,     10,      5,     1,   21261,      0,      0,      0
  44,   3,    0.01m,          EB,     10,      5,    32,    1060,      0,      0,      0
  45,   2,    0.01m,          CT,     10,      5,     0,   45000,      0,      0,      0
  46,   1,    0.01m,          eb,     10,      5,    28,     771,      0,      0,      0
  47,   3,    0.01m,          EB,     10,      5,    28,     699,      0,      0,      0
  48,   1,    0.01m,          eb,     10,      5,    22,    1036,      0,      0,      0
  49,   4,    0.01m,          CT,     10,      5,     0,   45000,      0,      0,      0
  50,   4,    0.01m,          CT,     10,      5,    22,   28606,      0,      0,      0
  51,   3,    0.01m,          EB,     10,      5,     1,    1260,      0,      0,      0
  52,   4,    0.01m,          CT,     10,      5,     0,   45000,      0,      0,      0
  53,   1,    0.01m,          eb,     10,      5,     0,   45000,      0,      0,      0
  54,   1,    0.01m,          eb,     10,      5,    32,    1541,      0,      0,      0
  55,   4,    0.01m,          CT,     10,      5,    23,    2698,      0,      0,      0
  56,   3,    0.01m,          EB,     10,      5,     0,   45000,      0,      0,      0
  57,   1,    0.01m,          eb,     10,      5,     0,   45000,      0,      0,      0
  58,   4,    0.01m,          CT,     10,      5,     0,   45000,      0,      0,      0
  59,   2,    0.01m,          CT,     10,      5,     0,   45000,      0,      0,      0
  60,   3,    0.01m,          EB,     10,      5,     0,   45000,      0,      0,      0

1,111,114,116,117,117,123,125,131,135,140,130,139,149,144,139,144,144,151,156,148,144,153,148,147,173,155,151,151,158,169,148,148,150,149,146
2,113,119,122,126,134,141,141,148,147,176,151,150,170,203,138,154,149,147,175,150,147,150,151,155,173,151,150,153,150,165,143,155,149
3,128,105,121,119,128,127,131,132,135,137,138,145,151,139,135,143,142,145,165,144,149,149,145,157,160,146,163,191,152,171,139,153,143,150
4,104,97,115,117,121,128,129,132,131,136,132,147,134,139,143,145,142,143,155,147,148,148,147,150,147,151,153,148,145,146,158,173,153,151,153
5,112,111,101,114,118,127,130,130,135,164,139,132,142,137,138,140,141,155,134,140,137,141,149,151,149,146,144,143,156,143,141,140,148,145,172,136
6,98,109,108,116,122,128,131,133,137,136,141,135,135,131,134,142,141,145,141,143,149,150,166,167,144,149,143,145,144,163,140,148,146,154,148
7,93,110,118,142,129,135,139,144,587,129,117,134,135,137,148,144,141,142,139,142,141,155,137,144,140,147,149,137,140,145,150,138,142
8,103,111,112,116,122,122,125,128,134,131,132,134,132,131,131,145,126,136,135,136,137,141,155,134,141,139,143,153,139,158,171,143,150,129,150,146
9,90,100,108,115,113,128,124,124,126,125,128,127,131,131,139,127,132,130,131,139,151,136,136,164,132,144,137,144,141,141,155,167,137,147,136,158,143
10,99,107,115,119,123,124,127,128,132,129,133,132,132,138,132,139,130,136,134,138,138,139,152,137,134,140,142,139,142,152,140,144,143,141,146,162,138
11,101,105,112,121,117,128,127,125,130,139,134,132,132,128,134,144,135,137,133,139,135,147,136,133,135,138,139,150,131,138,135,142,137,145,157,140,146
12,101,109,118,118,117,128,126,129,132,136,137,133,137,129,148,138,135,144,139,142,145,137,153,139,140,142,144,143,141,141,159,140,140,146,144,145
13,100,100,107,118,117,119,127,125,123,125,125,135,128,130,128,131,138,140,127,132,133,136,138,152,132,144,140,144,143,145,148,145,168,142,148,148,151
14,95,101,108,115,118,124,125,123,136,131,129,130,132,128,131,127,129,138,131,124,134,126,135,143,136,132,133,139,141,140,152,135,137,141,136,138,146,143
15,96,104,108,116,118,125,139,131,133,143,145,140,144,143,144,139,149,135,140,133,142,139,143,136,157,134,142,139,140,154,133,157,133,135,135,134
16,102,116,118,131,124,121,133,123,127,131,140,133,127,132,130,131,147,134,135,132,141,140,145,141,134,138,135,143,152,137,134,142,138,142,150,143,132
17,112,115,117,117,131,120,126,128,129,132,132,133,131,135,146,133,130,133,141,137,143,134,142,140,151,136,143,142,143,146,157,147,144,144,145,151
18,107,109,117,121,124,125,131,126,131,130,139,127,129,129,143,133,139,135,140,151,135,137,140,134,138,130,136,137,144,138,156,135,140,142,141,140,138
19,108,103,119,117,122,121,127,128,127,130,129,128,145,123,128,127,136,132,136,142,133,133,134,131,135,132,149,135,135,135,138,135,142,136,145,152,136
20,102,107,109,121,117,121,129,117,128,126,126,130,140,120,116,137,126,134,134,127,153,125,131,136,138,132,135,137,152,125,137,133,141,134,141,156,126,139
21,100,114,116,122,122,128,127,130,124,126,130,131,129,138,124,128,137,132,135,139,152,130,136,137,132,136,139,137,152,132,135,141,136,137,140,151,139
22,117,111,121,118,126,123,128,123,130,133,137,131,128,129,135,135,145,131,139,132,132,143,138,142,147,146,136,135,143,142,140,154,138,136,139,135,139
23,104,106,110,121,128,123,124,119,128,125,124,137,138,129,124,134,135,131,137,125,134,131,134,134,155,123,134,140,138,143,139,152,141,144,173
24,93,102,109,118,119,119,123,122,126,122,127,124,135,120,124,130,128,128,127,142,123,129,130,125,135,128,135,128,145,130,130,137,131,130,138,134,273,125
25,103,106,105,117,122,125,133,128,128,134,130,127,124,130,132,130,126,129,131,131,139,129,128,131,126,132,142,130,130,130,135,132,147,133,132,127,148,138
26,113,144,112,118,128,127,128,132,134,141,132,135,135,131,131,131,139,137,1526,101,109,115,121,124,129,134,135,136
27,108,110,118,120,120,126,124,134,123,124,120,129,128,119,133,132,133,129,126,128,133,125,132,261,106,131,127,132,132,407,117,133,125,126,148,128
28,109,105,111,120,123,124,127,122,131,122,122,129,147,111,131,122,132,130,136,139,147,131,132,142,136,130,141,142,139,137,138,133,138,135,141,137,154,131
29,105,108,108,115,117,120,125,135,125,125,133,128,125,128,135,141,122,131,127,125,133,133,130,130,127,146,126,220,129,125,149,117,130,128,134,132,135,141
30,106,118,120,132,130,125,126,123,126,124,125,225,125,116,125,127,133,127,123,136,136,136,233,116,126,134,125,126,134,128,133,265,364,125,125
31,108,106,114,120,117,606,96,110,115,124
32,106,109,110,106,122,116,125,125,121,123,129,758,107,108,118,123,133,296,1166,140,107,122,133
33,110,128,131,126,159,129,104,138,113,116,108,115,125,121,128,119,125,131,664,109,111,116,122,120,386,122,119,495,118,115,120
34,109,109,109,240
35,121,114,103,118,104,116,110,120,112,122,461,114,116,683,98,119,114,123,124,142,118,124,123,125
36,126,116,513,107,115,115
37,344,120,114,125,127,130,121,131,253,113,117,118,131,119,128,128,146,129,121,124,124,125,139,128,534,123,119,147,126,123,133,130
38,112,111,124,130,142,347,128,114,144,117,129,138,135,126,135,385,117,132,132,141,556,124,127,132,130,146,265,370
39,120,123,116,143,125,129,140,533,562,754,124,143,114,130,128,128,139,124,127,154,125,135,117,122,132,125
40,118,115,327,131,119,137,356,126,121,135,126,116,114,142,129,130,148,120,136,124,135,123,1125,133,145,113,139
41,153,113,129
42
43
44,111,122,129,227,136,131,110,141,872,96,117,117,122,123,125,124,129,117,132,133,114,137,123,149,109,133,133,127,108,408,129
45
46,115,97,115,119,114,123,347,120,121,113,111,128,119,449,113,128,117,136,119,138,234,124,132,120,127,1194,113
47,109,117,120,127,228,237,131,111,134,124,371,129,134,131,872,111,125,121,134,139,145,129,134,141,124,267,291
48,104,110,116,119,139,1130,111,108,125,120,132,266,266,110,135,128,137,543,116,120,126
49
50,135,116,153,104,147,128,149,106,146,130,399,146,133,502,150,117,148,263,294,148,146
51
52
53
54,115,124,119,236,133,126,123,359,120,126,121,129,269,129,147,113,122,139,140,121,149,116,168,136,117,247,131,142,107,146,121
55,129,128,137,1783,116,130,131,140,140,261,143,125,130,145,127,138,384,125,138,124,146,134
56
57
58
59
60