C:\ProgramData\MED Associates\Davis Rig\Parameters\Isaac\0715TG30PREpref.ms8.txt
Version #, 7.24
System ID, 1
Start Date, 2023/07/15
Start Time, 10:52:08
Animal ID, TG30
Condition, Pre
Max Wait for first Lick is, 45
Max Retries / Presentation, 0
Max Number Presentations, 60
PRESENTATION,TUBE,CONCENTRATION,SOLUTION,  IPI  , LENGTH, LICKS, Latency, Retries, Open Error, Close Error
   1,   3,    0.01m,          EB,     10,      5,     1,    8628,      0,      0,      0
   2,   3,    0.01m,          EB,     10,      5,     0,   45000,      0,      0,      0
   3,   1,    0.01m,          eb,     10,      5,    17,    1257,      0,      0,      0
   4,   4,    0.01m,          CT,     10,      5,     6,   34896,      0,      0,      0
   5,   2,    0.01m,          CT,     10,      5,    31,    5728,      0,      0,      0
   6,   2,    0.01m,          CT,     10,      5,    28,    5970,      0,      0,      0
   7,   3,    0.01m,          EB,     10,      5,     5,   11673,      0,      0,      0
   8,   1,    0.01m,          eb,     10,      5,    25,   17166,      0,      0,      0
   9,   3,    0.01m,          EB,     10,      5,     8,   21185,      0,      0,      0
  10,   1,    0.01m,          eb,     10,      5,     0,   45000,      0,      0,      0
  11,   2,    0.01m,          CT,     10,      5,     9,    5558,      0,      0,      0
  12,   3,    0.01m,          EB,     10,      5,     2,    6138,      0,      0,      0
  13,   3,    0.01m,          EB,     10,      5,    13,    5629,      0,      0,      0
  14,   2,    0.01m,          CT,     10,      5,    36,   11906,      0,      0,      0
  15,   4,    0.01m,          CT,     10,      5,     0,   45000,      0,      0,      0
  16,   2,    0.01m,          CT,     10,      5,     0,   45000,      0,      0,      0
  17,   4,    0.01m,          CT,     10,      5,    32,   37023,      0,      0,      0
  18,   1,    0.01m,          eb,     10,      5,    39,   11118,      0,      0,      0
  19,   1,    0.01m,          eb,     10,      5,    40,    3082,      0,      0,      0
  20,   3,    0.01m,          EB,     10,      5,     4,    1511,      0,      0,      0
  21,   1,    0.01m,          eb,     10,      5,    34,   41143,      0,      0,      0
  22,   4,    0.01m,          CT,     10,      5,     0,   45000,      0,      0,      0
  23,   2,    0.01m,          CT,     10,      5,    26,   35555,      0,      0,      0
  24,   3,    0.01m,          EB,     10,      5,     9,   16037,      0,      0,      0
  25,   2,    0.01m,          CT,     10,      5,     1,   18457,      0,      0,      0
  26,   4,    0.01m,          CT,     10,      5,    36,   24955,      0,      0,      0
  27,   1,    0.01m,          eb,     10,      5,     2,    3837,      0,      0,      0
  28,   4,    0.01m,          CT,     10,      5,    34,    2616,      0,      0,      0
  29,   2,    0.01m,          CT,     10,      5,    36,    1502,      0,      0,      0
  30,   2,    0.01m,          CT,     10,      5,    37,    3378,      0,      0,      0
  31,   1,    0.01m,          eb,     10,      5,    40,    3666,      0,      0,      0
  32,   2,    0.01m,          CT,     10,      5,    36,    2688,      0,      0,      0
  33,   1,    0.01m,          eb,     10,      5,    37,   17890,      0,      0,      0
  34,   2,    0.01m,          CT,     10,      5,    37,   31675,      0,      0,      0
  35,   1,    0.01m,          eb,     10,      5,    23,   25941,      0,      0,      0
  36,   3,    0.01m,          EB,     10,      5,     0,   45000,      0,      0,      0
  37,   2,    0.01m,          CT,     10,      5,    37,    2110,      0,      0,      0
  38,   4,    0.01m,          CT,     10,      5,    36,   21075,      0,      0,      0
  39,   3,    0.01m,          EB,     10,      5,     5,    2139,      0,      0,      0
  40,   2,    0.01m,          CT,     10,      5,     0,   45000,      0,      0,      0
  41,   4,    0.01m,          CT,     10,      5,    31,   20198,      0,      0,      0
  42,   4,    0.01m,          CT,     10,      5,     0,   45000,      0,      0,      0
  43,   4,    0.01m,          CT,     10,      5,     0,   45000,      0,      0,      0
  44,   3,    0.01m,          EB,     10,      5,     0,   45000,      0,      0,      0
  45,   2,    0.01m,          CT,     10,      5,    38,   33361,      0,      0,      0
  46,   1,    0.01m,          eb,     10,      5,     1,   12952,      0,      0,      0
  47,   3,    0.01m,          EB,     10,      5,     0,   45000,      0,      0,      0
  48,   1,    0.01m,          eb,     10,      5,    39,     835,      0,      0,      0
  49,   4,    0.01m,          CT,     10,      5,     0,   45000,      0,      0,      0
  50,   4,    0.01m,          CT,     10,      5,    30,    8314,      0,      0,      0
  51,   3,    0.01m,          EB,     10,      5,     6,   40732,      0,      0,      0
  52,   4,    0.01m,          CT,     10,      5,    39,   17099,      0,      0,      0
  53,   1,    0.01m,          eb,     10,      5,    14,   27799,      0,      0,      0
  54,   1,    0.01m,          eb,     10,      5,    40,     894,      0,      0,      0
  55,   4,    0.01m,          CT,     10,      5,    25,   38139,      0,      0,      0
  56,   3,    0.01m,          EB,     10,      5,     5,   13157,      0,      0,      0
  57,   1,    0.01m,          eb,     10,      5,     0,   45000,      0,      0,      0
  58,   4,    0.01m,          CT,     10,      5,     0,   45000,      0,      0,      0
  59,   2,    0.01m,          CT,     10,      5,     0,   45000,      0,      0,      0
  60,   3,    0.01m,          EB,     10,      5,     0,   45000,      0,      0,      0

1
2
3,165,123,142,154,148,135,277,144,117,151,139,123,1403,163,118,126
4,134,137,145,133,127
5,127,136,146,128,136,144,149,140,139,162,125,161,151,155,167,142,155,138,150,150,149,158,155,163,154,158,169,597,130,136
6,115,121,131,138,137,145,145,152,144,144,157,171,416,122,134,143,160,143,147,149,153,155,163,179,131,162,879
7,121,131,1324,117
8,118,126,136,132,143,138,187,1538,114,121,121,124,137,144,138,144,145,139,137,134,135,162,120,123
9,126,1325,119,494,282,212,270
10
11,118,122,148,166,242,167,173,1882
12,133
13,110,120,418,764,330,653,319,176,124,161,361,720
14,118,119,126,125,124,128,129,193,105,117,128,131,140,138,134,131,132,130,151,135,133,133,133,143,134,133,139,144,137,153,384,134,136,137,143
15
16
17,116,134,131,137,138,149,170,136,755,120,136,137,140,146,133,140,136,152,154,130,126,133,140,133,151,129,133,136,141,127,148
18,114,115,128,129,133,131,136,134,132,133,134,146,137,135,139,133,128,122,120,129,118,150,91,105,135,98,229,112,125,131,147,130,137,131,133,140,140,135
19,110,111,105,112,119,121,124,123,133,132,125,131,120,118,134,131,129,125,134,151,109,120,142,139,131,118,123,148,127,138,116,123,125,140,119,149,122,129,125
20,130,298,467
21,103,114,124,120,122,123,125,123,126,206,108,121,126,129,127,127,971,95,90,102,97,106,114,116,122,118,149,116,129,120,136,122,132
22
23,119,122,133,121,139,127,122,143,119,142,136,125,137,137,134,129,150,162,154,145,789,146,362,194,161
24,872,109,132,229,214,2577,234,138
25
26,408,116,129,138,132,132,129,142,130,132,132,144,120,133,139,144,130,130,137,138,132,132,133,139,131,136,130,153,131,131,141,135,141,131,157
27,4899
28,112,122,134,136,138,138,143,496,108,121,134,138,139,133,144,139,135,139,134,133,137,196,137,122,129,141,137,158,131,130,137,137,162
29,113,121,124,133,132,138,139,149,141,142,141,143,141,150,150,126,120,155,136,131,148,149,143,169,153,141,149,147,148,145,161,151,144,142,152
30,108,115,124,137,151,84,135,148,139,139,127,136,150,151,135,149,144,113,143,142,132,157,191,162,138,133,145,145,148,144,143,165,96,149,143,135
31,113,119,122,126,131,139,138,130,131,136,131,135,145,133,131,130,128,118,120,119,118,123,104,115,126,120,113,115,140,131,129,115,132,113,120,137,139,130,135
32,106,119,129,136,148,126,134,133,137,135,134,131,141,147,142,134,133,134,145,145,136,139,144,142,147,150,148,137,138,143,147,151,142,148,142
33,108,130,131,132,136,141,125,114,124,125,120,124,123,126,124,124,132,127,121,124,144,113,132,503,116,129,142,131,116,124,130,118,121,131,150,118
34,122,147,139,130,130,130,122,129,277,119,121,136,138,138,126,122,143,132,133,129,127,158,125,132,132,137,133,139,132,148,142,135,139,142,140,125
35,130,130,141,131,285,117,101,123,124,116,129,124,126,239,114,129,117,108,129,105,119,125
36
37,130,146,138,141,121,134,136,136,197,124,138,140,138,132,145,130,140,128,152,128,132,127,142,138,138,140,140,134,152,165,116,130,146,144,123,136
38,125,143,129,143,135,127,137,137,136,131,131,127,128,123,141,138,129,139,154,145,220,160,116,124,131,140,171,119,149,138,144,140,143,133,163
39,105,135,2674,133
40
41,125,126,133,132,127,130,286,126,131,140,129,121,131,144,128,135,160,136,149,157,126,336,129,137,154,120,124,146,159,389
42
43
44
45,119,134,129,136,130,131,140,133,126,131,131,130,130,127,137,135,146,131,134,147,128,144,142,137,131,135,161,124,124,138,137,133,123,137,156,112,151
46
47
48,119,127,132,123,132,125,123,123,118,121,130,122,119,138,113,125,122,120,122,131,245,139,111,148,100,108,116,115,149,120,124,125,125,137,125,150,129,129
49
50,388,109,136,154,149,226,987,113,110,128,135,133,131,126,127,128,128,127,152,128,123,131,128,132,150,132,121,126,134
51,126,133,2836,57,125
52,112,125,125,126,127,136,141,114,138,115,125,126,133,122,121,139,138,127,123,122,137,130,125,129,143,124,125,126,135,128,155,132,121,135,140,137,148,138
53,111,121,130,126,133,129,133,122,127,122,724,2915,93
54,115,122,127,133,146,136,128,130,130,131,124,133,128,120,120,133,122,142,117,123,117,116,125,123,124,124,125,125,114,124,155,118,132,124,126,126,124,126,131
55,112,184,1750,141,120,123,126,124,130,127,127,124,124,128,132,128,354,134,128,132,119,130,124,126
56,2280,141,163,1825
57
58
59
60
