C:\ProgramData\MED Associates\Davis Rig\Parameters\Isaac\0817TG34POST.ms8.txt
Version #, 7.24
System ID, 1
Start Date, 2023/08/17
Start Time, 10:49:01
Animal ID, TG34
Condition, 
Max Wait for first Lick is, 45
Max Retries / Presentation, 0
Max Number Presentations, 60
PRESENTATION,TUBE,CONCENTRATION,SOLUTION,  IPI  , LENGTH, LICKS, Latency, Retries, Open Error, Close Error
   1,   3,    0.01m,          EB,     10,      5,    43,     881,      0,      0,      0
   2,   3,    0.01m,          EB,     10,      5,    43,     318,      0,      0,      0
   3,   1,    0.01m,          eb,     10,      5,    20,     307,      0,      0,      0
   4,   4,    0.01m,          CT,     10,      5,    43,     963,      0,      0,      0
   5,   2,    0.01m,          CT,     10,      5,     1,     629,      0,      0,      0
   6,   2,    0.01m,          CT,     10,      5,     2,    1247,      0,      0,      0
   7,   3,    0.01m,          EB,     10,      5,    45,     700,      0,      0,      0
   8,   1,    0.01m,          eb,     10,      5,     1,     456,      0,      0,      0
   9,   3,    0.01m,          EB,     10,      5,    45,     317,      0,      0,      0
  10,   1,    0.01m,          eb,     10,      5,     2,     571,      0,      0,      0
  11,   2,    0.01m,          CT,     10,      5,     5,     314,      0,      0,      0
  12,   3,    0.01m,          EB,     10,      5,    46,     406,      0,      0,      0
  13,   3,    0.01m,          EB,     10,      5,    44,     590,      0,      0,      0
  14,   2,    0.01m,          CT,     10,      5,     1,     458,      0,      0,      0
  15,   4,    0.01m,          CT,     10,      5,    45,     367,      0,      0,      0
  16,   2,    0.01m,          CT,     10,      5,    37,   14844,      0,      0,      0
  17,   4,    0.01m,          CT,     10,      5,    46,   21080,      0,      0,      0
  18,   1,    0.01m,          eb,     10,      5,     3,     722,      0,      0,      0
  19,   1,    0.01m,          eb,     10,      5,     3,   15508,      0,      0,      0
  20,   3,    0.01m,          EB,     10,      5,    46,     714,      0,      0,      0
  21,   1,    0.01m,          eb,     10,      5,     1,    4275,      0,      0,      0
  22,   4,    0.01m,          CT,     10,      5,    46,     326,      0,      0,      0
  23,   2,    0.01m,          CT,     10,      5,     8,   16043,      0,      0,      0
  24,   3,    0.01m,          EB,     10,      5,    46,     561,      0,      0,      0
  25,   2,    0.01m,          CT,     10,      5,     8,     543,      0,      0,      0
  26,   4,    0.01m,          CT,     10,      5,    45,    1863,      0,      0,      0
  27,   1,    0.01m,          eb,     10,      5,     1,     470,      0,      0,      0
  28,   4,    0.01m,          CT,     10,      5,    45,    1729,      0,      0,      0
  29,   2,    0.01m,          CT,     10,      5,     8,    1843,      0,      0,      0
  30,   2,    0.01m,          CT,     10,      5,     9,     295,      0,      0,      0
  31,   1,    0.01m,          eb,     10,      5,     1,     344,      0,      0,      0
  32,   2,    0.01m,          CT,     10,      5,     1,     358,      0,      0,      0
  33,   1,    0.01m,          eb,     10,      5,     3,    3680,      0,      0,      0
  34,   2,    0.01m,          CT,     10,      5,     5,    1481,      0,      0,      0
  35,   1,    0.01m,          eb,     10,      5,     2,    7686,      0,      0,      0
  36,   3,    0.01m,          EB,     10,      5,    46,    3536,      0,      0,      0
  37,   2,    0.01m,          CT,     10,      5,     1,     700,      0,      0,      0
  38,   4,    0.01m,          CT,     10,      5,    46,     323,      0,      0,      0
  39,   3,    0.01m,          EB,     10,      5,    45,     516,      0,      0,      0
  40,   2,    0.01m,          CT,     10,      5,    10,     311,      0,      0,      0
  41,   4,    0.01m,          CT,     10,      5,    45,    5603,      0,      0,      0
  42,   4,    0.01m,          CT,     10,      5,    44,     347,      0,      0,      0
  43,   4,    0.01m,          CT,     10,      5,    44,    1530,      0,      0,      0
  44,   3,    0.01m,          EB,     10,      5,    44,     336,      0,      0,      0
  45,   2,    0.01m,          CT,     10,      5,     2,     562,      0,      0,      0
  46,   1,    0.01m,          eb,     10,      5,     0,   45000,      0,      0,      0
  47,   3,    0.01m,          EB,     10,      5,    46,     315,      0,      0,      0
  48,   1,    0.01m,          eb,     10,      5,     0,   45000,      0,      0,      0
  49,   4,    0.01m,          CT,     10,      5,    45,     327,      0,      0,      0
  50,   4,    0.01m,          CT,     10,      5,    43,     366,      0,      0,      0
  51,   3,    0.01m,          EB,     10,      5,    43,     458,      0,      0,      0
  52,   4,    0.01m,          CT,     10,      5,    43,   13092,      0,      0,      0
  53,   1,    0.01m,          eb,     10,      5,     1,     325,      0,      0,      0
  54,   1,    0.01m,          eb,     10,      5,     0,   45000,      0,      0,      0
  55,   4,    0.01m,          CT,     10,      5,    44,   10529,      0,      0,      0
  56,   3,    0.01m,          EB,     10,      5,    34,    1716,      0,      0,      0
  57,   1,    0.01m,          eb,     10,      5,     0,   45000,      0,      0,      0
  58,   4,    0.01m,          CT,     10,      5,    44,    1336,      0,      0,      0
  59,   2,    0.01m,          CT,     10,      5,     0,   45000,      0,      0,      0
  60,   3,    0.01m,          EB,     10,      5,    45,     391,      0,      0,      0

1,102,99,102,111,109,112,107,113,110,113,113,112,116,114,116,116,119,115,115,122,129,115,121,125,121,123,126,123,122,127,127,145,116,127,115,123,124,124,135,125,131,130
2,92,102,108,113,111,111,112,113,114,118,116,117,128,112,108,120,119,117,118,122,124,120,119,131,117,121,119,121,121,121,135,120,120,118,125,126,127,119,150,113,125,122
3,90,95,106,107,107,107,109,115,150,116,117,113,143,126,163,113,254,106,2149
4,97,105,123,106,118,112,108,112,108,111,112,111,120,121,110,115,113,118,111,115,116,115,117,126,115,120,115,118,116,120,122,117,122,127,113,124,119,124,121,133,115,120
5
6,826
7,82,111,105,110,110,110,106,109,106,107,107,106,116,108,114,108,109,110,110,109,112,112,115,122,111,110,114,112,111,117,115,124,113,117,119,117,126,119,111,116,119,119,132,119
8
9,84,101,93,113,104,105,109,104,109,108,106,108,109,111,119,110,110,107,112,109,112,115,115,124,112,112,113,113,114,114,126,113,116,117,117,118,117,135,114,118,117,117,120,130
10,246
11,284,52,107,113
12,115,92,96,103,100,105,108,105,104,107,103,103,105,106,108,102,110,108,109,110,113,110,111,107,108,114,111,122,109,111,112,114,119,114,124,116,119,115,117,116,121,118,117,112,117
13,96,98,105,110,110,110,107,110,111,107,110,110,111,109,109,114,120,111,112,111,111,116,132,124,113,120,127,105,114,112,116,125,113,115,113,115,129,115,117,117,118,120,120
14
15,92,102,102,108,106,105,103,107,105,109,106,110,107,105,117,109,110,108,112,107,108,116,126,112,111,114,114,114,116,117,122,112,115,118,116,117,126,110,115,116,117,135,113,119
16,107,94,107,108,105,129,100,105,110,117,382,103,106,107,129,120,114,124,122,108,113,118,123,129,153,141,147,169,161,155,129,125,131,337,178,119
17,71,92,103,101,109,103,107,106,105,103,103,103,105,114,102,107,107,105,108,109,109,119,110,111,109,112,110,111,111,126,113,109,109,113,112,115,121,130,112,113,115,114,117,118,127
18,226,3020
19,422,283
20,89,98,101,106,110,103,104,102,105,103,103,103,106,102,115,102,104,109,110,108,109,108,124,105,107,106,111,111,108,113,111,111,109,120,112,115,112,114,115,115,124,114,112,116,117
21
22,79,92,99,105,106,103,103,104,105,104,105,105,109,106,105,111,107,108,109,125,104,107,108,110,109,107,113,120,112,110,109,113,111,113,115,127,114,117,116,117,114,115,129,113,113
23,458,111,110,123,149,110,109
24,74,103,100,103,100,106,106,107,105,111,105,103,109,104,108,105,119,105,110,106,109,110,112,121,115,113,110,123,108,109,115,111,112,117,118,127,115,112,111,116,120,129,112,113,116
25,111,115,252,111,110,115,127
26,94,109,109,108,112,105,104,111,108,107,107,106,109,119,106,107,108,107,109,109,110,113,112,122,111,108,113,112,114,111,114,124,106,114,113,111,113,127,116,112,111,116,118,117
27
28,88,101,100,105,126,122,108,103,105,111,108,106,106,106,104,107,122,109,105,110,111,109,108,108,107,113,120,114,114,111,112,116,117,116,116,131,111,109,114,116,126,110,117,113
29,122,120,362,109,1336,105,141
30,91,114,127,105,100,109,114,123
31
32
33,131,130
34,72,122,210,126
35,103
36,97,97,102,108,104,106,104,101,105,108,108,104,107,114,107,103,106,114,106,114,107,109,114,111,112,123,108,114,112,109,112,115,114,112,128,112,114,111,114,113,129,111,117,112,121
37
38,87,91,103,103,103,107,109,111,110,110,106,107,109,106,107,110,110,109,119,110,111,105,112,107,110,112,120,125,110,109,111,111,114,113,118,115,122,109,116,109,115,117,115,113,128
39,93,103,104,110,114,111,105,110,107,108,110,111,108,112,110,117,121,110,113,111,113,116,117,111,113,129,107,116,114,115,114,111,119,127,113,115,109,114,118,130,117,120,116,117
40,88,105,117,107,106,110,115,117,126
41,87,102,103,111,112,109,112,111,106,110,109,106,112,111,107,110,126,104,115,111,114,110,111,113,122,111,114,110,111,113,110,124,112,111,114,114,113,121,135,111,113,112,115,115
42,79,96,101,110,108,106,108,108,109,111,114,122,104,109,106,112,114,113,116,127,115,112,113,118,115,111,114,134,115,118,120,115,116,117,116,124,114,118,114,120,116,120,135
43,95,107,107,111,114,112,110,113,113,111,109,113,113,115,121,111,111,114,111,113,117,114,118,130,108,117,115,113,115,115,120,133,117,122,115,116,118,130,115,117,119,122,115
44,87,103,96,115,109,111,113,109,107,111,112,113,116,124,112,117,112,114,109,114,116,120,132,120,118,117,116,115,114,109,120,113,113,117,117,118,118,133,116,118,116,117,118
45,4668
46
47,88,99,96,104,107,105,110,110,100,106,105,104,105,104,107,112,110,109,108,111,111,108,107,109,111,116,116,111,111,112,126,107,112,114,118,113,113,129,113,112,122,120,120,117,119
48
49,92,88,103,106,107,105,105,106,110,106,109,119,109,107,106,109,111,110,112,125,108,110,110,113,114,115,116,115,125,112,113,116,120,120,117,120,121,135,112,116,119,123,120,123
50,96,105,108,110,108,198,95,109,109,111,111,115,112,113,114,120,125,114,112,113,120,114,114,116,120,117,132,115,112,115,117,120,141,117,123,133,113,121,117,115,120,118
51,86,98,103,117,111,109,111,108,113,116,111,111,115,121,116,114,118,116,121,116,114,111,120,129,116,117,115,116,113,117,122,120,125,130,121,119,120,125,117,119,126,122
52,98,102,119,112,116,116,111,114,116,115,112,121,115,118,112,116,111,125,117,114,120,118,119,116,119,112,120,120,123,116,131,115,123,116,119,120,119,124,120,136,121,115
53
54
55,99,106,112,107,113,105,108,107,109,111,114,114,116,110,122,111,108,112,107,113,117,110,113,126,113,112,115,122,121,112,113,117,128,120,115,116,118,118,117,141,116,120,119
56,93,106,106,114,113,110,117,119,119,117,113,117,115,119,116,130,113,117,117,122,118,633,106,107,137,144,119,762,101,101,114,112,116
57
58,96,101,108,109,112,112,109,111,112,111,113,113,109,111,122,112,113,107,117,114,111,115,114,117,116,132,111,112,113,124,124,116,112,119,129,117,117,118,119,119,146,119,137
59
60,91,92,106,103,108,110,105,107,108,107,106,110,106,110,108,110,121,111,109,112,110,113,115,112,114,111,120,112,116,112,117,118,109,136,118,112,117,113,119,120,116,113,117,120