C:\ProgramData\MED Associates\Davis Rig\Parameters\Isaac\0723TG30(posttest).ms8.txt
Version #, 7.24
System ID, 1
Start Date, 2023/07/23
Start Time, 13:58:24
Animal ID, TG30
Condition, 
Max Wait for first Lick is, 45
Max Retries / Presentation, 0
Max Number Presentations, 60
PRESENTATION,TUBE,CONCENTRATION,SOLUTION,  IPI  , LENGTH, LICKS, Latency, Retries, Open Error, Close Error
   1,   3,    0.01m,          EB,     10,      5,     5,   24319,      0,      0,      0
   2,   3,    0.01m,          EB,     10,      5,     1,   14222,      0,      0,      0
   3,   1,    0.01m,          eb,     10,      5,    31,   26473,      0,      0,      0
   4,   4,    0.01m,          CT,     10,      5,    24,    2674,      0,      0,      0
   5,   2,    0.01m,          CT,     10,      5,    34,    7182,      0,      0,      0
   6,   2,    0.01m,          CT,     10,      5,    33,    3784,      0,      0,      0
   7,   3,    0.01m,          EB,     10,      5,    36,   12428,      0,      0,      0
   8,   1,    0.01m,          eb,     10,      5,    36,    2441,      0,      0,      0
   9,   3,    0.01m,          EB,     10,      5,    34,    5161,      0,      0,      0
  10,   1,    0.01m,          eb,     10,      5,    36,     391,      0,      0,      0
  11,   2,    0.01m,          CT,     10,      5,    37,   14803,      0,      0,      0
  12,   3,    0.01m,          EB,     10,      5,    38,   22364,      0,      0,      0
  13,   3,    0.01m,          EB,     10,      5,    22,   12199,      0,      0,      0
  14,   2,    0.01m,          CT,     10,      5,     2,    6786,      0,      0,      0
  15,   4,    0.01m,          CT,     10,      5,     2,    5056,      0,      0,      0
  16,   2,    0.01m,          CT,     10,      5,    35,   36003,      0,      0,      0
  17,   4,    0.01m,          CT,     10,      5,    34,    8574,      0,      0,      0
  18,   1,    0.01m,          eb,     10,      5,     0,   45000,      0,      0,      0
  19,   1,    0.01m,          eb,     10,      5,    38,    1163,      0,      0,      0
  20,   3,    0.01m,          EB,     10,      5,    37,     823,      0,      0,      0
  21,   1,    0.01m,          eb,     10,      5,    38,     745,      0,      0,      0
  22,   4,    0.01m,          CT,     10,      5,    18,   33076,      0,      0,      0
  23,   2,    0.01m,          CT,     10,      5,    37,     676,      0,      0,      0
  24,   3,    0.01m,          EB,     10,      5,     0,   45000,      0,      0,      0
  25,   2,    0.01m,          CT,     10,      5,    36,    3623,      0,      0,      0
  26,   4,    0.01m,          CT,     10,      5,    35,    1204,      0,      0,      0
  27,   1,    0.01m,          eb,     10,      5,     0,   45000,      0,      0,      0
  28,   4,    0.01m,          CT,     10,      5,    30,   34900,      0,      0,      0
  29,   2,    0.01m,          CT,     10,      5,     3,    4485,      0,      0,      0
  30,   2,    0.01m,          CT,     10,      5,     7,   28300,      0,      0,      0
  31,   1,    0.01m,          eb,     10,      5,     0,   45000,      0,      0,      0
  32,   2,    0.01m,          CT,     10,      5,    37,   41012,      0,      0,      0
  33,   1,    0.01m,          eb,     10,      5,     0,   45000,      0,      0,      0
  34,   2,    0.01m,          CT,     10,      5,    39,   37135,      0,      0,      0
  35,   1,    0.01m,          eb,     10,      5,    38,    2493,      0,      0,      0
  36,   3,    0.01m,          EB,     10,      5,    27,   36272,      0,      0,      0
  37,   2,    0.01m,          CT,     10,      5,     3,    2001,      0,      0,      0
  38,   4,    0.01m,          CT,     10,      5,    24,   31046,      0,      0,      0
  39,   3,    0.01m,          EB,     10,      5,    34,    2057,      0,      0,      0
  40,   2,    0.01m,          CT,     10,      5,     0,   45000,      0,      0,      0
  41,   4,    0.01m,          CT,     10,      5,     0,   45000,      0,      0,      0
  42,   4,    0.01m,          CT,     10,      5,     0,   45000,      0,      0,      0
  43,   4,    0.01m,          CT,     10,      5,     3,    5337,      0,      0,      0
  44,   3,    0.01m,          EB,     10,      5,     0,   45000,      0,      0,      0
  45,   2,    0.01m,          CT,     10,      5,    39,   34024,      0,      0,      0
  46,   1,    0.01m,          eb,     10,      5,     0,   45000,      0,      0,      0
  47,   3,    0.01m,          EB,     10,      5,    33,    1308,      0,      0,      0
  48,   1,    0.01m,          eb,     10,      5,    37,    1460,      0,      0,      0
  49,   4,    0.01m,          CT,     10,      5,     0,   45000,      0,      0,      0
  50,   4,    0.01m,          CT,     10,      5,     0,   45000,      0,      0,      0
  51,   3,    0.01m,          EB,     10,      5,     0,   45000,      0,      0,      0
  52,   4,    0.01m,          CT,     10,      5,     3,    5086,      0,      0,      0
  53,   1,    0.01m,          eb,     10,      5,    38,    4006,      0,      0,      0
  54,   1,    0.01m,          eb,     10,      5,    30,   16323,      0,      0,      0
  55,   4,    0.01m,          CT,     10,      5,     0,   45000,      0,      0,      0
  56,   3,    0.01m,          EB,     10,      5,    34,    5240,      0,      0,      0
  57,   1,    0.01m,          eb,     10,      5,     0,   45000,      0,      0,      0
  58,   4,    0.01m,          CT,     10,      5,     0,   45000,      0,      0,      0
  59,   2,    0.01m,          CT,     10,      5,     0,   45000,      0,      0,      0
  60,   3,    0.01m,          EB,     10,      5,     0,   45000,      0,      0,      0

1,130,174,448,77
2
3,123,122,135,141,137,134,130,133,136,128,140,137,143,133,145,138,137,132,140,161,140,152,156,768,125,136,153,166,169,151
4,131,286,452,658,282,131,173,136,141,150,147,171,148,153,156,161,157,160,161,181,173,548,126
5,377,134,129,134,139,121,131,138,145,132,136,139,134,157,135,130,142,160,133,140,140,147,144,150,153,143,130,188,144,143,175,126,155
6,128,138,202,138,147,148,147,161,156,136,147,165,150,156,139,159,146,155,156,181,149,160,232,133,146,162,149,162,146,166,163,145
7,116,120,127,136,137,145,132,133,143,129,141,145,139,141,142,129,155,155,131,169,139,139,151,138,163,137,154,150,151,152,138,143,153,146,164
8,122,126,129,140,138,137,142,123,140,137,123,133,138,134,150,133,136,155,139,130,141,129,145,137,159,138,138,156,149,138,142,128,156,146,191
9,121,129,131,326,128,135,133,150,133,149,142,143,143,135,143,140,151,150,171,144,141,138,152,132,137,170,149,127,151,134,148,140,143
10,120,134,134,131,144,136,140,138,147,129,146,140,136,138,137,128,143,139,144,141,131,164,135,147,130,142,130,133,147,154,140,140,151,149,172
11,123,126,144,131,135,121,138,137,127,133,123,139,126,141,127,128,151,137,128,138,138,128,149,144,131,142,140,131,157,137,134,127,149,144,139,149
12,121,126,125,139,134,132,132,130,133,137,141,128,146,127,144,135,129,129,125,134,142,118,165,137,132,123,138,140,137,128,147,127,161,141,124,116,144
13,120,135,157,129,141,128,135,131,132,134,122,132,2345,117,121,128,133,131,145,141,126
14,122
15,124
16,120,128,149,343,106,127,128,120,130,132,124,117,134,131,137,127,123,118,121,129,128,138,126,122,127,129,128,145,153,205,164,413,124,129
17,146,162,99,130,135,151,138,141,134,134,135,134,139,122,130,134,134,133,133,133,314,117,146,148,157,154,143,150,312,147,148,148,158
18
19,115,128,132,134,130,131,125,131,135,121,134,131,137,133,126,126,125,134,136,125,138,147,126,136,137,125,143,138,137,134,145,135,138,147,152,142,127
20,116,128,128,132,134,128,138,136,127,139,131,131,132,136,131,138,131,145,145,120,150,148,144,129,140,128,143,131,166,143,157,145,131,142,142,140
21,124,125,130,131,131,130,129,133,130,128,135,128,127,133,132,147,131,128,133,134,130,139,137,138,143,133,131,138,141,153,130,133,135,125,144,144,154
22,138,182,117,145,148,140,137,144,128,130,129,140,134,148,134,139,139
23,117,128,135,137,131,130,144,233,128,129,139,139,136,133,131,146,130,133,134,137,131,132,138,134,150,136,131,137,130,146,140,138,154,142,130,148
24
25,133,136,142,144,146,149,130,412,110,113,116,146,129,120,130,127,136,125,134,124,158,128,139,124,134,137,132,140,156,131,137,142,143,133,136
26,126,155,166,137,164,139,138,152,140,133,143,135,133,132,132,142,138,131,151,131,140,155,139,156,173,168,129,143,146,168,154,142,142,141
27
28,121,137,133,135,128,129,139,125,129,126,136,128,284,128,163,132,133,128,127,154,104,142,138,131,169,127,140,139,134
29,120,137
30,454,140,135,289,133,133
31
32,128,128,135,129,131,133,144,126,140,131,140,131,140,145,154,125,128,128,128,126,148,124,128,129,139,132,144,154,156,128,131,156,123,141,136,138
33
34,114,126,128,129,117,118,132,117,127,120,129,130,117,119,133,128,139,171,117,130,127,133,128,141,131,131,152,127,125,140,118,145,153,135,139,132,136,152
35,139,174,120,174,118,138,128,132,137,128,153,125,130,121,128,124,129,123,134,145,117,128,129,122,131,145,119,123,128,149,131,130,131,151,128,135,132
36,136,133,131,128,134,132,138,128,128,129,123,125,389,345,429,563,117,153,144,140,135,140,134,150,161,292
37,133,135
38,146,97,1346,766,134,142,266,144,125,117,132,134,136,126,125,124,125,124,135,138,120,129,125
39,135,133,358,142,120,152,143,153,142,148,151,142,148,137,142,145,147,154,143,187,125,145,173,132,147,138,140,138,137,125,150,140,140
40
41
42
43,139,147
44
45,125,129,138,122,137,123,120,113,126,118,120,119,123,120,138,116,119,127,121,124,134,128,156,116,122,127,130,134,130,134,158,122,140,131,132,133,133,145
46
47,128,294,119,305,117,157,179,129,146,152,147,150,153,145,176,372,112,132,125,132,134,125,158,126,130,122,133,128,134,149,128,151
48,129,138,142,332,122,126,126,117,146,136,119,133,120,147,123,135,125,127,131,124,126,129,142,122,125,152,125,137,131,133,139,153,137,132,134,134
49
50
51
52,121,138
53,125,131,131,120,144,144,139,127,144,156,123,132,136,138,129,128,124,126,145,125,151,114,130,134,127,136,133,151,122,126,136,167,130,127,133,133,131
54,134,149,121,151,117,143,1212,124,124,120,138,133,135,123,132,149,124,139,132,130,130,133,138,131,150,135,129,128,126
55
56,139,143,477,131,125,133,133,128,122,127,124,133,121,134,138,135,134,145,141,111,123,127,131,129,139,130,264,143,141,138,135,150,137
57
58
59
60