C:\ProgramData\MED Associates\Davis Rig\Parameters\Isaac\0926TG37prepref.ms8.txt
Version #, 7.24
System ID, 1
Start Date, 2023/09/26
Start Time, 09:07:20
Animal ID, TG37
Condition, 
Max Wait for first Lick is, 50
Max Retries / Presentation, 0
Max Number Presentations, 60
PRESENTATION,TUBE,CONCENTRATION,SOLUTION,  IPI  , LENGTH, LICKS, Latency, Retries, Open Error, Close Error
   1,   1,    0.01m,      carh20,     10,      5,    38,   22407,      0,      0,      0
   2,   4,    0.01m,      cish20,     10,      5,     3,   11592,      0,      0,      0
   3,   3,    0.01m,      carh20,     10,      5,     0,   50000,      0,      0,      0
   4,   3,    0.01m,      carh20,     10,      5,     0,   50000,      0,      0,      0
   5,   2,    0.01m,      cish20,     10,      5,    40,   20072,      0,      0,      0
   6,   1,    0.01m,      carh20,     10,      5,    10,    1538,      0,      0,      0
   7,   4,    0.01m,      cish20,     10,      5,     0,   50000,      0,      0,      0
   8,   1,    0.01m,      carh20,     10,      5,     0,   50000,      0,      0,      0
   9,   2,    0.01m,      cish20,     10,      5,     0,   50000,      0,      0,      0
  10,   2,    0.01m,      cish20,     10,      5,     0,   50000,      0,      0,      0
  11,   4,    0.01m,      cish20,     10,      5,     7,   40942,      0,      0,      0
  12,   2,    0.01m,      cish20,     10,      5,     0,   50000,      0,      0,      0
  13,   3,    0.01m,      carh20,     10,      5,    17,   43410,      0,      0,      0
  14,   2,    0.01m,      cish20,     10,      5,     0,   50000,      0,      0,      0
  15,   1,    0.01m,      carh20,     10,      5,     0,   50000,      0,      0,      0
  16,   1,    0.01m,      carh20,     10,      5,     0,   50000,      0,      0,      0
  17,   3,    0.01m,      carh20,     10,      5,     2,   23541,      0,      0,      0
  18,   2,    0.01m,      cish20,     10,      5,     0,   50000,      0,      0,      0
  19,   4,    0.01m,      cish20,     10,      5,     0,   50000,      0,      0,      0
  20,   4,    0.01m,      cish20,     10,      5,     0,   50000,      0,      0,      0
  21,   4,    0.01m,      cish20,     10,      5,     2,    6955,      0,      0,      0
  22,   3,    0.01m,      carh20,     10,      5,     0,   50000,      0,      0,      0
  23,   1,    0.01m,      carh20,     10,      5,     0,   50000,      0,      0,      0
  24,   1,    0.01m,      carh20,     10,      5,     4,   47835,      0,      0,      0
  25,   4,    0.01m,      cish20,     10,      5,     0,   50000,      0,      0,      0
  26,   1,    0.01m,      carh20,     10,      5,     0,   50000,      0,      0,      0
  27,   4,    0.01m,      cish20,     10,      5,     0,   50000,      0,      0,      0
  28,   4,    0.01m,      cish20,     10,      5,     0,   50000,      0,      0,      0
  29,   4,    0.01m,      cish20,     10,      5,     0,   50000,      0,      0,      0
  30,   2,    0.01m,      cish20,     10,      5,     0,   50000,      0,      0,      0
  31,   2,    0.01m,      cish20,     10,      5,     0,   50000,      0,      0,      0
  32,   3,    0.01m,      carh20,     10,      5,     0,   50000,      0,      0,      0
  33,   1,    0.01m,      carh20,     10,      5,     0,   50000,      0,      0,      0
  34,   3,    0.01m,      carh20,     10,      5,     0,   50000,      0,      0,      0
  35,   4,    0.01m,      cish20,     10,      5,     0,   50000,      0,      0,      0
  36,   3,    0.01m,      carh20,     10,      5,     0,   50000,      0,      0,      0
  37,   1,    0.01m,      carh20,     10,      5,     0,   50000,      0,      0,      0
  38,   3,    0.01m,      carh20,     10,      5,     0,   50000,      0,      0,      0
  39,   1,    0.01m,      carh20,     10,      5,     0,   50000,      0,      0,      0
  40,   3,    0.01m,      carh20,     10,      5,     0,   50000,      0,      0,      0
  41,   4,    0.01m,      cish20,     10,      5,     0,   50000,      0,      0,      0
  42,   3,    0.01m,      carh20,     10,      5,     0,   50000,      0,      0,      0
  43,   2,    0.01m,      cish20,     10,      5,     0,   50000,      0,      0,      0
  44,   1,    0.01m,      carh20,     10,      5,     0,   50000,      0,      0,      0
  45,   1,    0.01m,      carh20,     10,      5,     0,   50000,      0,      0,      0
  46,   4,    0.01m,      cish20,     10,      5,     0,   50000,      0,      0,      0
  47,   1,    0.01m,      carh20,     10,      5,     0,   50000,      0,      0,      0
  48,   4,    0.01m,      cish20,     10,      5,     0,   50000,      0,      0,      0
  49,   3,    0.01m,      carh20,     10,      5,     0,   50000,      0,      0,      0
  50,   2,    0.01m,      cish20,     10,      5,     0,   50000,      0,      0,      0
  51,   1,    0.01m,      carh20,     10,      5,     0,   50000,      0,      0,      0
  52,   2,    0.01m,      cish20,     10,      5,     0,   50000,      0,      0,      0
  53,   4,    0.01m,      cish20,     10,      5,     0,   50000,      0,      0,      0
  54,   2,    0.01m,      cish20,     10,      5,     0,   50000,      0,      0,      0
  55,   3,    0.01m,      carh20,     10,      5,     0,   50000,      0,      0,      0
  56,   2,    0.01m,      cish20,     10,      5,     0,   50000,      0,      0,      0
  57,   2,    0.01m,      cish20,     10,      5,     0,   50000,      0,      0,      0
  58,   3,    0.01m,      carh20,     10,      5,     0,   50000,      0,      0,      0
  59,   3,    0.01m,      carh20,     10,      5,     0,   50000,      0,      0,      0
  60,   2,    0.01m,      cish20,     10,      5,     0,   50000,      0,      0,      0

1,104,102,121,126,127,124,128,124,124,131,120,142,149,116,131,129,132,128,110,134,114,120,122,135,229,125,123,123,127,136,249,114,132,137,117,131,121
2,116,131
3
4
5,116,109,119,130,126,128,121,123,119,127,126,120,123,126,125,123,131,121,121,131,125,126,133,133,128,122,134,133,138,124,131,129,129,146,131,131,124,139,133
6,111,119,123,109,120,121,133,144,126
7
8
9
10
11,113,126,125,397,120,135
12
13,112,120,133,134,146,498,123,139,151,137,166,2092,105,121,128,128
14
15
16
17,113
18
19
20
21,122
22
23
24,114,127,138
25
26
27
28
29
30
31
32
33
34
35
36
37
38
39
40
41
42
43
44
45
46
47
48
49
50
51
52
53
54
55
56
57
58
59
60