C:\ProgramData\MED Associates\Davis Rig\Parameters\Isaac\0926TG36prepref.ms8.txt
Version #, 7.24
System ID, 1
Start Date, 2023/09/26
Start Time, 10:08:50
Animal ID, TG37
Condition, 
Max Wait for first Lick is, 50
Max Retries / Presentation, 0
Max Number Presentations, 60
PRESENTATION,TUBE,CONCENTRATION,SOLUTION,  IPI  , LENGTH, LICKS, Latency, Retries, Open Error, Close Error
   1,   1,    0.01m,      carh20,     10,      5,    15,   18683,      0,      0,      0
   2,   4,    0.01m,      cish20,     10,      5,     4,    1594,      0,      0,      0
   3,   3,    0.01m,      carh20,     10,      5,     0,   50000,      0,      0,      0
   4,   3,    0.01m,      carh20,     10,      5,     0,   50000,      0,      0,      0
   5,   2,    0.01m,      cish20,     10,      5,     5,   16793,      0,      0,      0
   6,   1,    0.01m,      carh20,     10,      5,    11,   18870,      0,      0,      0
   7,   4,    0.01m,      cish20,     10,      5,     3,   37939,      0,      0,      0
   8,   1,    0.01m,      carh20,     10,      5,     0,   50000,      0,      0,      0
   9,   2,    0.01m,      cish20,     10,      5,     0,   50000,      0,      0,      0
  10,   2,    0.01m,      cish20,     10,      5,     0,   50000,      0,      0,      0
  11,   4,    0.01m,      cish20,     10,      5,     0,   50000,      0,      0,      0
  12,   2,    0.01m,      cish20,     10,      5,     0,   50000,      0,      0,      0
  13,   3,    0.01m,      carh20,     10,      5,     0,   50000,      0,      0,      0
  14,   2,    0.01m,      cish20,     10,      5,     2,   11503,      0,      0,      0
  15,   1,    0.01m,      carh20,     10,      5,     0,   50000,      0,      0,      0
  16,   1,    0.01m,      carh20,     10,      5,     0,   50000,      0,      0,      0
  17,   3,    0.01m,      carh20,     10,      5,     4,   45969,      0,      0,      0
  18,   2,    0.01m,      cish20,     10,      5,     0,   50000,      0,      0,      0
  19,   4,    0.01m,      cish20,     10,      5,     0,   50000,      0,      0,      0
  20,   4,    0.01m,      cish20,     10,      5,     0,   50000,      0,      0,      0
  21,   4,    0.01m,      cish20,     10,      5,     0,   50000,      0,      0,      0
  22,   3,    0.01m,      carh20,     10,      5,     0,   50000,      0,      0,      0
  23,   1,    0.01m,      carh20,     10,      5,     0,   50000,      0,      0,      0
  24,   1,    0.01m,      carh20,     10,      5,     0,   50000,      0,      0,      0
  25,   4,    0.01m,      cish20,     10,      5,     0,   50000,      0,      0,      0
  26,   1,    0.01m,      carh20,     10,      5,     0,   50000,      0,      0,      0
  27,   4,    0.01m,      cish20,     10,      5,     0,   50000,      0,      0,      0
  28,   4,    0.01m,      cish20,     10,      5,     0,   50000,      0,      0,      0
  29,   4,    0.01m,      cish20,     10,      5,     0,   50000,      0,      0,      0
  30,   2,    0.01m,      cish20,     10,      5,     9,   15285,      0,      0,      0
  31,   2,    0.01m,      cish20,     10,      5,    38,   16296,      0,      0,      0
  32,   3,    0.01m,      carh20,     10,      5,    10,   19800,      0,      0,      0
  33,   1,    0.01m,      carh20,     10,      5,     0,   50000,      0,      0,      0
  34,   3,    0.01m,      carh20,     10,      5,     1,   48747,      0,      0,      0
  35,   4,    0.01m,      cish20,     10,      5,     0,   50000,      0,      0,      0
  36,   3,    0.01m,      carh20,     10,      5,     0,   50000,      0,      0,      0
  37,   1,    0.01m,      carh20,     10,      5,     0,   50000,      0,      0,      0
  38,   3,    0.01m,      carh20,     10,      5,     3,   27787,      0,      0,      0
  39,   1,    0.01m,      carh20,     10,      5,     0,   50000,      0,      0,      0
  40,   3,    0.01m,      carh20,     10,      5,     2,   25394,      0,      0,      0
  41,   4,    0.01m,      cish20,     10,      5,     1,    4104,      0,      0,      0
  42,   3,    0.01m,      carh20,     10,      5,     0,   50000,      0,      0,      0
  43,   2,    0.01m,      cish20,     10,      5,    20,   17256,      0,      0,      0
  44,   1,    0.01m,      carh20,     10,      5,    14,   13920,      0,      0,      0
  45,   1,    0.01m,      carh20,     10,      5,    10,   21974,      0,      0,      0
  46,   4,    0.01m,      cish20,     10,      5,     0,   50000,      0,      0,      0
  47,   1,    0.01m,      carh20,     10,      5,     8,   38873,      0,      0,      0
  48,   4,    0.01m,      cish20,     10,      5,     1,    8638,      0,      0,      0
  49,   3,    0.01m,      carh20,     10,      5,     0,   50000,      0,      0,      0
  50,   2,    0.01m,      cish20,     10,      5,     6,    4943,      0,      0,      0
  51,   1,    0.01m,      carh20,     10,      5,     0,   50000,      0,      0,      0
  52,   2,    0.01m,      cish20,     10,      5,     0,   50000,      0,      0,      0
  53,   4,    0.01m,      cish20,     10,      5,     0,   50000,      0,      0,      0
  54,   2,    0.01m,      cish20,     10,      5,     1,   42281,      0,      0,      0
  55,   3,    0.01m,      carh20,     10,      5,     0,   50000,      0,      0,      0
  56,   2,    0.01m,      cish20,     10,      5,     0,   50000,      0,      0,      0
  57,   2,    0.01m,      cish20,     10,      5,     0,   50000,      0,      0,      0
  58,   3,    0.01m,      carh20,     10,      5,     0,   50000,      0,      0,      0
  59,   3,    0.01m,      carh20,     10,      5,     0,   50000,      0,      0,      0
  60,   2,    0.01m,      cish20,     10,      5,     0,   50000,      0,      0,      0

1,318,172,207,154,190,142,136,148,140,153,153,149,147,142
2,67,117,119
3
4
5,107,139,106,151
6,112,108,128,118,126,133,120,132,126,211
7,52,114
8
9
10
11
12
13
14,20
15
16
17,164,205,233
18
19
20
21
22
23
24
25
26
27
28
29
30,106,134,113,123,397,93,104,120
31,137,130,132,112,138,105,123,122,128,124,130,129,131,124,124,129,127,125,173,245,121,117,128,126,132,127,130,151,117,136,130,127,131,132,149,125,121
32,106,130,122,111,3681,468,72,114,183
33
34
35
36
37
38,433,367
39
40,446
41
42
43,149,100,119,117,124,126,124,121,133,121,122,123,125,124,121,139,121,631,106
44,106,113,126,126,122,130,141,114,125,127,107,126,102
45,81,117,89,114,118,126,111,114,94
46
47,142,124,82,119,121,125,117
48
49
50,102,108,116,116,113
51
52
53
54
55
56
57
58
59
60